x-position, y-position, x-velocity, y-velocity
   99.758399,    37.756936,     0.000000,     0.000000
   56.182721,    31.745395,    -6.586386,     0.809432
   96.625622,    71.781460,     0.000000,     0.000000
   75.044841,    73.241070,     0.000000,     0.000000
   53.349831,    86.224686,     4.937478,     1.532239
   44.169725,    82.773572,    -6.871887,    -1.268661
    8.269901,    96.971877,    -0.158857,     7.795521
    1.530168,    31.533506,     0.000000,     0.000000
   32.535382,    53.389427,    -0.492006,     3.324276
   34.882138,    24.111438,     0.000000,     0.000000
   13.005030,    87.888933,    -0.603658,     0.343475
   14.482537,    26.776996,    -1.045503,    -1.977510
   90.151927,    84.134620,     0.000000,     0.000000
   36.376271,    44.641248,    -7.449900,    -0.907381
   36.304685,    75.020252,     9.028659,    10.849643
   65.638812,    51.906716,    -1.599290,     1.793142
    2.594722,    29.199396,     0.000000,     0.000000
   55.817910,    28.035928,    -1.330691,    10.788709
   65.082089,    65.811966,    -1.336435,     1.746847
   40.777663,    48.132600,     4.709388,    -4.951054
   80.651789,    64.427646,    -6.358678,     1.770292
   54.363959,    70.246642,    -1.402212,     3.733922
   55.387424,    53.937421,    14.255605,    -6.393846
   95.899258,    22.986478,    -1.778626,    -4.519973
   63.961129,    49.672509,    -0.401259,     0.855591
   67.864339,    56.620156,     1.073506,    -0.268558
   46.231349,    13.025382,     0.000000,     0.000000
   33.671497,    97.868469,     0.000000,     0.000000
   10.855049,    38.466646,    -0.941982,    -5.351977
   75.789877,    72.349177,     0.000000,     0.000000
   72.551609,    35.537671,    -3.284811,    -7.998582
   72.185743,    91.078276,     0.000000,     0.000000
   93.970450,    57.237238,     0.332022,     5.994885
   66.164683,    96.007864,     0.000000,     0.000000
   12.756365,    90.742536,    -2.346575,    -1.850034
   62.096491,    63.659384,    -0.792435,     2.334243
   93.801003,    22.091706,    -2.870707,    -5.633009
   97.160355,    19.548035,    -1.054250,     3.749359
    3.665935,    91.803905,   -10.613841,     6.129868
   60.116518,    63.539934,     2.775613,    -1.631015
   66.245704,    70.883396,     0.000000,     0.000000
   68.669068,     4.670256,    -3.582384,    -3.405437
   97.798250,    79.998144,     0.000000,     0.000000
   84.827140,    35.420365,    -4.570763,    -4.101045
   66.134544,    11.885970,     0.000000,     0.000000
   73.156992,    75.615105,     0.000000,     0.000000
   40.843071,     3.949921,     0.000000,     0.000000
   92.934139,    70.365418,     0.000000,     0.000000
   15.635684,    52.995133,     0.000000,     0.000000
   67.778401,    75.503423,     0.000000,     0.000000
   77.095785,    65.348260,     5.847985,     1.231232
   26.581812,    76.603614,     3.119944,   -12.453884
    9.185571,    79.869869,    -2.348498,    -4.066415
   62.063177,    96.674869,    -0.276342,    -2.279577
   78.099470,    18.710056,    -2.776226,    -5.398865
   95.804286,    57.408602,     9.237100,    -3.000544
   73.381737,    99.085290,     0.000000,     0.000000
   57.424051,    96.786186,     1.333556,     2.129483
   38.105372,    18.305741,     0.000000,     0.000000
   54.424281,    68.962168,    11.660395,     2.534801
   54.425372,    34.626552,    -4.201781,    12.127683
   99.794009,     3.479114,     0.000000,     0.000000
   99.049080,    91.757229,     0.000000,     0.000000
   74.884656,    69.191851,     0.000000,     0.000000
   95.422147,    75.919022,     0.000000,     0.000000
    9.746924,    93.717746,    -0.822316,    -6.818144
   94.839041,     9.028949,    10.585348,     1.291484
   75.525137,    50.513009,     2.100956,     2.839289
   89.195040,    29.935434,    -5.659756,    15.407085
   65.596831,    27.878986,     0.522334,    11.459711
   81.567157,    69.147838,    -8.808253,     4.511938
   64.931812,    42.093649,    -3.258852,    13.732539
   15.169374,    69.274892,     0.287363,     0.849514
   51.486230,    77.069053,     1.475893,    -4.876768
   12.547535,    73.648530,   -12.286929,   -20.637617
   14.615660,     9.690718,     0.000000,     0.000000
   59.152125,     5.847335,     0.000000,     0.000000
   53.523289,    78.676277,     2.053392,     1.871345
   87.954094,    68.916963,    -3.739313,     2.600367
   31.077207,    31.845426,     0.000000,     0.000000
   66.769273,    54.574576,     0.560234,     2.290061
   72.583863,    51.995399,     2.007374,    -1.985132
   42.165919,    41.384593,    -2.143241,    -2.115726
   17.492237,    68.485032,    -3.892568,    -3.126765
    8.365935,    30.767293,    -0.371344,    -2.009918
   12.864664,    28.335393,    11.748523,    -6.211404
   55.377308,     8.304660,     0.000000,     0.000000
   38.182910,    97.519628,     0.000000,     0.000000
    2.499801,    73.088101,     0.000000,     0.000000
   79.498629,    76.050948,     0.000000,     0.000000
   58.446561,    32.895434,   -14.690562,   -10.531503
   85.195119,    35.534237,    13.194079,     7.413397
   92.147471,    22.341859,    -0.347595,    -8.858570
    7.753650,    70.246431,     0.361591,     0.007459
   32.527802,    93.841035,     0.000000,     0.000000
   59.583031,    97.902966,     8.666788,    -0.904501
    5.767137,    23.257102,     0.000000,     0.000000
   11.163089,    94.524687,    -9.624239,    -1.535918
   29.643072,    86.184423,     6.442559,     3.296711
   23.250133,    86.609825,     0.602305,     9.960767
    8.260838,    55.889957,     0.000000,     0.000000
   28.170394,    36.787442,     3.698342,   -12.298929
   44.895042,    25.669000,     0.000000,     0.000000
   36.456726,    69.776112,     8.979755,   -24.709714
   57.132836,    15.427252,     0.000000,     0.000000
    3.406928,    44.024768,     0.000000,     0.000000
   42.369899,    46.114021,    -3.116215,    -2.936143
   40.387449,    31.628673,     0.000000,     0.000000
   97.681957,    48.611536,     0.000000,     0.000000
   69.567898,    69.284525,     0.000000,     0.000000
    1.489393,    81.269088,     0.000000,     0.000000
   12.812387,    42.898650,    -2.441235,     5.959356
    5.630949,    30.021725,    -0.990335,     3.632873
   89.864564,    54.763689,     2.820138,    -6.083635
   68.170393,    72.808839,     0.000000,     0.000000
   58.613131,    15.134560,     0.000000,     0.000000
   84.548436,    36.461819,     5.784920,     9.698392
   12.488232,    16.878590,     0.000000,     0.000000
   82.649219,    54.789602,    -3.430953,    -0.500467
   83.664601,    72.609205,     0.000000,     0.000000
   73.936457,    23.409929,    -2.590894,     2.049320
   75.479936,    20.499486,    -6.524662,    -8.248936
   52.517333,    97.482393,    -2.470677,    -1.938138
   66.882982,    99.363566,     0.000000,     0.000000
   64.349454,     4.400336,    -4.496733,    -2.356457
   41.649822,    25.837185,     0.000000,     0.000000
   36.216438,    22.369049,     0.000000,     0.000000
   62.159079,    44.140572,   -13.920505,     4.014469
   48.671852,    82.127877,    -0.447123,    -0.210484
   46.799918,     5.423553,     0.000000,     0.000000
   76.209479,    86.528195,     0.000000,     0.000000
   83.015760,    19.546416,     6.236139,    11.900176
   27.783469,    44.307066,    -0.864684,    -0.820757
   92.215008,    19.128475,    -3.210318,     3.357292
   46.154255,    12.789662,     0.000000,     0.000000
   59.755407,    31.985650,   -11.885267,    14.850978
   90.975957,    61.710463,     0.000000,     0.000000
   69.792790,    66.702666,     0.000000,     0.000000
   18.580765,    93.793779,    -4.609552,     4.554098
   85.640501,    75.614258,     0.000000,     0.000000
   74.695272,    63.357181,     0.000000,     0.000000
   30.810193,    22.877812,     0.000000,     0.000000
   61.609848,    50.777381,    -5.579825,     2.299878
   62.593808,    63.062278,     6.722017,     1.257601
   96.789788,    98.778218,     0.000000,     0.000000
   99.033691,    56.359574,    -0.685852,    -2.111378
   37.038572,    34.980793,    12.879632,   -13.683645
   92.083254,    26.854238,     2.936692,    -2.406278
   35.490915,    75.834630,    -1.217102,     4.834990
   93.771265,    58.634021,     2.684919,     4.479603
   45.374170,    41.881947,    -4.466965,    -3.275081
   56.696331,    59.933650,     2.696224,    -5.358566
   16.670108,    69.061883,     1.897333,     1.050258
   38.421416,    17.868661,     0.000000,     0.000000
   18.346842,    28.033545,     0.000000,     0.000000
   34.881001,    38.111296,   -10.059735,    -9.468652
   72.928994,    50.106523,     4.816118,     1.497077
   40.823414,    59.367178,    -4.778095,     8.047138
   61.676310,    69.973690,    10.550079,    -0.192698
   32.308934,    30.589982,     0.000000,     0.000000
   27.619111,    21.317515,     0.000000,     0.000000
   20.792203,    20.036143,     0.000000,     0.000000
   41.353772,    42.031347,    -2.124586,     1.655268
   97.950988,    69.373880,     0.000000,     0.000000
   54.777947,    14.914990,     0.000000,     0.000000
   13.822309,    15.230385,     0.000000,     0.000000
   80.139558,    66.360864,     3.171636,     6.191700
   86.128238,    64.262725,     2.933643,     6.935782
   71.194251,    77.720101,     0.000000,     0.000000
   61.505589,    83.786522,     8.524809,     5.045370
   66.720246,    76.770056,     0.000000,     0.000000
   90.173187,    87.774561,     0.000000,     0.000000
   97.330067,    16.509430,    -0.793891,     0.352084
   10.867733,    31.906042,   -10.586622,    -4.609836
   86.619229,    65.250790,     2.929146,    -0.493475
   63.604439,    14.030196,     0.000000,     0.000000
   12.542488,    32.969229,    -4.347611,    -8.769811
   34.149455,    47.971143,     5.138492,    -4.368394
    3.102330,    27.309506,     0.000000,     0.000000
   26.168159,    44.111574,     2.288601,     4.752280
   31.167268,    42.066818,     4.711004,   -10.711316
   81.155109,    50.978595,     0.000000,     0.000000
   58.504621,    96.939646,    -3.271843,     3.325493
   77.812179,    57.983566,    -7.106281,     2.753693
   29.359032,    19.773252,     0.000000,     0.000000
   16.890963,    20.910772,     0.000000,     0.000000
   33.761487,    25.625025,     0.000000,     0.000000
   12.639779,    94.040592,   -14.413314,     3.278193
   58.551782,    84.261724,     3.028674,     5.802496
   49.247819,    25.017694,   -21.966761,    -9.929071
    3.139869,    50.198123,     0.000000,     0.000000
   12.344594,    38.689844,    -4.089277,     0.719739
   17.738239,    56.749578,    -0.237273,    -0.581188
   61.807163,     9.441597,     0.000000,     0.000000
   41.222807,    73.963211,     0.000000,     0.000000
   90.251300,    86.424054,     0.000000,     0.000000
   52.455593,    29.933439,   -20.412257,    -7.908908
   22.913233,    82.564280,     4.413514,     8.112073
   93.758979,    64.546441,     0.000000,     0.000000
   14.411824,     9.464066,     0.000000,     0.000000
