x-position, y-position, x-velocity, y-velocity
   99.758399,    37.756936,     0.000000,     0.000000
   63.804306,    19.936357,     3.814416,     3.335901
   95.425027,    74.421894,    -1.377879,     4.119299
   89.411622,    87.028104,    -0.565114,     5.336091
   78.485645,    94.354473,    -2.151187,     3.248619
   22.393617,    94.284303,    11.310559,    -5.780975
   22.707703,    49.161258,     3.125182,   -10.419190
   17.797257,    49.859160,     8.603511,    -4.686681
   37.460270,    78.108449,     0.061105,    -1.586071
   47.032671,     8.208417,     6.785448,    -2.305556
   10.924540,    75.968644,     3.981722,    -0.727344
    8.234711,    10.467342,   -14.002855,    -0.234965
   93.958140,    88.500073,     0.686796,     6.628096
   37.227581,    79.851029,     7.322162,     7.694544
   62.409614,    89.420318,    -7.121085,     1.012853
   57.789611,    38.321335,    -2.197807,    -4.679096
   12.749755,    35.039718,    -1.887469,     0.511500
   38.259508,    58.827383,    -0.061852,     4.170638
   64.303222,    85.783778,    -0.684497,     8.407322
   35.070845,    36.220960,    -7.742777,     6.149157
   64.532093,    61.542288,     6.132789,    -1.683396
   51.588551,    92.291153,    -5.398794,    -1.433525
   76.367120,    23.562404,    11.972859,   -15.930474
   97.770230,     8.008299,    -0.864427,    -2.075889
   87.037810,    19.364025,    -3.008015,    -2.899347
   61.081646,    69.721620,    -4.354609,     3.560189
   42.478732,    22.095302,    -4.026373,     7.692585
   51.736316,    96.828709,    -1.697570,    -1.191711
    4.662547,     8.211646,     1.754902,    -2.883013
   87.874374,    80.064336,     1.712463,    -2.608309
   82.259366,     6.471164,     0.342895,     1.821849
   92.410268,    92.695584,    -0.759659,    -2.167515
   95.969171,    75.770223,     3.453184,    -0.840195
   76.903274,    97.681306,     4.902097,    -6.230451
    1.988608,    65.679383,    -1.937592,    -3.128188
   77.724457,    87.853954,     4.112903,     3.661506
   81.656028,    25.185927,    -2.579953,     6.626756
   85.443143,     8.632113,     6.554738,    -2.618506
   30.415703,    63.931812,     3.124691,    -0.816546
   61.156323,    85.834572,     4.970121,     0.168800
   46.025622,    59.050598,    -0.264906,    -5.619407
   75.732617,     7.796577,     8.676156,     0.632091
   97.896712,    79.979041,    -0.558280,     0.213036
   64.122165,    38.822550,    -1.893210,     5.068675
   84.265696,     2.260669,     9.010176,     3.813027
   82.283134,    81.346696,     4.261137,    -0.693009
   50.473838,    25.186643,    -4.888660,    -2.739197
   94.410968,    84.430445,     1.685379,     8.476094
   30.561478,    27.520008,    -0.849716,    -3.562656
   80.210831,    92.971570,    -0.266763,     4.680516
   84.661710,    88.130430,    -2.593854,     1.767632
   34.235420,    32.642226,    -2.391996,     0.970610
   16.858558,    70.685038,     1.329772,     5.388872
   91.332134,    88.692989,    -1.659475,    -1.252865
   67.598032,    11.379580,    -4.711032,     5.111225
   68.042598,    55.432251,    -1.094273,     0.846695
   63.352721,    90.360796,     0.851373,    -1.607109
   70.638501,    95.383386,     2.477238,    -1.545785
   32.677347,    25.078929,     6.964658,    -3.576673
   53.460878,    86.180833,    -1.421725,    -1.843674
   53.146931,    75.073940,     4.723175,     2.913476
   99.794009,     3.479114,     0.000000,     0.000000
   96.525784,    93.287239,    -4.630472,     0.382066
   70.218895,    76.980233,    -4.128783,     5.809825
   93.375963,    81.749643,     2.922297,     3.712992
   28.248910,    89.866118,     3.082290,    10.161923
   72.364752,    41.822035,     3.514210,     8.981971
   60.421495,    42.555256,    -5.011392,    -3.087521
   85.796478,    59.784991,     0.819260,    -3.159227
   65.260782,    50.984135,    -3.144215,    -4.317026
   72.468437,    72.892354,    -6.790060,     0.569286
   43.511001,    59.200596,    -2.802553,    -0.453376
   14.907363,    37.778451,    -1.792116,     3.139370
   10.534824,    86.077352,   -11.447015,   -13.752440
   47.826205,    66.947879,     2.839671,    -0.160608
    7.913576,     4.051068,    11.699112,     1.754782
   10.854690,    12.656599,     1.705959,     5.325294
   62.858866,    87.886866,     3.577355,     0.015694
   95.181968,    87.741823,     3.269637,    -2.568091
    8.421151,    12.647694,     4.839182,    -2.491136
   66.078280,    79.020266,     5.006881,     7.185669
   71.790496,    52.933078,    -0.087275,    -0.536751
   32.262905,    84.060486,    -7.793617,     6.100697
   24.825564,    73.667354,    -2.380326,    -3.358445
   11.955946,    14.394720,    -5.165459,     6.555872
    9.348401,    13.174355,     1.725733,     0.702321
   50.032248,    15.408127,    -5.935059,    10.287133
   52.842265,    81.380392,    -1.604205,    -1.317915
   12.566375,    66.692175,     9.293683,     2.817122
   90.615067,    86.108640,     4.708123,    -0.515661
   39.154117,    10.988567,     0.444327,    -2.418595
   77.929020,    33.201776,    -1.520946,    -4.448343
   80.439196,    13.590601,     1.790795,    -0.232082
   30.137776,    27.789732,    -3.706147,     2.071301
   43.199977,    70.886714,    -2.197012,    -6.932927
   56.690216,    94.406377,     6.579579,    -2.495751
    8.402762,     3.941491,    -4.014652,    -5.642367
   33.720328,    83.960000,     9.922411,    -2.037657
   43.039522,    86.393884,     6.399924,     1.950746
    9.359862,    80.969106,    -6.687358,    -8.899293
   18.262466,    74.250429,     7.937889,     6.165256
   30.621624,    24.582975,     8.101596,    18.553951
   12.681084,    21.805586,    -0.888400,    10.157718
   12.489250,    68.490516,    -2.547501,     3.489802
   50.634350,    21.119525,    -0.697713,     5.401438
    6.534021,    47.499670,     0.856688,    -5.587913
   27.160792,    76.685669,     1.822690,     4.987402
   14.547094,    36.488834,    14.760205,     3.510371
   57.203597,    65.823511,   -11.534590,     5.066234
   79.624354,    80.864920,     0.525919,     1.629907
    2.124033,    61.802161,     2.603196,    -0.153503
    6.862486,    50.965044,     7.432123,    -0.669971
   10.635550,    29.770217,    -2.470059,     1.464537
   83.413549,    59.158106,    -2.209438,    -0.189428
   78.486297,    90.120572,     4.140216,     2.597985
   44.617331,    32.118722,    -2.857232,     9.111044
   37.573066,    27.430821,    -8.642453,    -1.310925
   25.114083,    12.102039,     7.717320,    10.405814
   89.132565,    76.998386,     0.564681,     1.989376
   92.076158,    83.509626,     4.916373,    -2.333662
   62.346916,    30.252237,     3.007367,     7.999820
   70.168844,    38.795896,     4.372466,    12.941313
   53.624163,    97.859219,     3.222076,     5.964987
   94.558978,    92.421723,     2.792266,     5.852899
   51.773636,    17.553881,    -6.906250,     2.433741
   44.540619,    15.197499,    -3.690311,    -3.624928
   32.819769,     2.016719,    -0.649465,    -3.512936
   53.865854,    41.906710,     6.745887,     1.610980
   52.319445,    66.014600,     0.406580,    -2.819013
   57.177003,     8.213880,     1.481655,     2.921997
   78.928819,    94.336662,     2.662914,     3.059196
   78.560019,    22.361083,     0.784107,    -0.996913
   21.277626,    41.425583,     6.406655,    -3.700937
   83.800233,     6.771788,    -0.217619,    -5.544645
   48.486537,    14.853306,     2.955451,     0.575764
   46.946555,    13.329102,    -1.738759,     1.273184
   93.532258,    80.917995,     0.679245,    -1.581273
   77.767021,    58.399668,     1.733244,    -4.490639
    5.481665,    96.673793,    -2.119127,    -1.092038
   93.298048,    88.737944,    -5.755754,     2.446420
   71.825776,    63.375012,    -2.279039,     1.120687
   12.840750,     3.729664,    -0.598958,    -3.172855
   70.781986,    79.523541,     0.749873,     2.420426
   57.012502,    45.546867,    -1.634485,    -3.412099
   95.691007,    97.469505,    -7.155169,     2.159009
   84.972305,    58.945828,    -3.375063,     3.819515
   86.922818,    12.158206,    -4.236605,    -6.265017
   82.098365,    29.027537,    -0.844897,     2.089131
   35.842350,    94.041908,     1.085734,    -1.869954
   95.735500,    72.651363,     5.027025,    -0.508952
   47.019289,    41.914993,    -6.519293,     4.973124
   58.206998,    57.288856,    -2.852175,     4.932347
   21.786450,    87.353214,    -5.898811,     7.674198
   42.891218,    21.050332,    -1.406653,     6.718909
   16.202836,    38.880041,     1.076450,     1.939593
    8.758855,     9.753597,     2.757825,     5.407982
   92.690199,    74.707307,    -2.730761,     3.451727
   43.568089,    88.398644,    -3.753371,     1.278990
   73.346604,    88.846629,    -3.860204,     4.910915
    4.635006,    29.914092,    -7.770102,     3.235839
    9.862693,    27.948085,    -1.662087,     6.078185
    2.393991,     1.966460,     7.797717,     4.763228
   61.813499,    57.822496,     2.726900,    -5.831263
   97.564101,    78.791264,     2.611239,     6.842987
   36.701938,    26.740938,     2.852960,    -3.333784
   15.191559,     4.834928,    10.067475,     0.300649
   86.507196,    86.640611,     5.604134,    -2.497371
   94.424495,    56.875833,    -5.063368,    -9.185230
   52.291177,    95.977423,    -9.323897,     7.414633
   95.668979,    94.187789,    -2.329063,     5.165864
   62.732194,    76.747399,    -0.711947,    -5.307775
   94.842269,    91.971642,    -2.943609,    -8.659963
   65.175907,    28.317704,     3.788304,     6.131803
    1.956843,    10.926772,     5.026967,    -5.718849
   92.576362,    57.130281,    -0.835491,    -3.602596
   65.743349,     7.142993,     2.447536,     4.467007
    2.613005,     8.569929,    -1.772880,    -8.283691
   28.468338,    42.335787,    -1.695516,    -1.068908
    6.029685,    37.352948,    -1.720992,     4.827263
   40.027191,    63.367190,     4.073839,     6.718609
    4.902192,    54.983925,    -2.375235,    15.528574
   70.538638,    49.296279,    -1.406358,    -3.275365
   45.079591,    83.495539,    -0.945467,    -9.620164
   51.399878,    50.374947,    -4.637022,   -11.880039
   22.548067,     8.044223,     2.423782,     7.786439
   24.160027,    23.218919,    -2.211840,     0.663772
   51.728433,    19.791189,     2.662727,    -1.042151
   10.306860,    95.973213,     6.027201,     6.039808
   75.316157,    96.594971,    -3.067847,    -0.886704
   22.718815,    25.823359,    11.220685,     6.930836
   13.048979,    58.440877,     5.052934,    -4.952914
    5.142304,    39.833831,     7.620720,    -5.316651
   15.070917,    62.980483,     4.188342,    -2.032867
   70.886794,     5.006859,     2.064079,    -1.080044
   48.656125,    72.363559,     2.225996,    -4.284821
   94.175679,    97.325552,     6.899718,    -3.748978
   30.732858,    32.360620,    -4.983618,    -4.191397
   39.837886,    83.022022,     1.904757,    -2.474119
   92.435799,    63.393312,    -0.588547,     1.192918
   21.801125,     8.351024,    12.743256,     5.487820
