x-position, y-position, x-velocity, y-velocity
   99.758399,    37.756936,     0.000000,     0.000000
   54.819851,    18.037189,    -0.094101,    -7.011310
   96.625622,    71.781460,     0.000000,     0.000000
   77.836189,    74.253881,     3.807356,     4.115683
   59.830910,    88.718153,     4.415929,     1.369043
   35.374695,    88.141919,    -7.727299,     2.436616
    8.707550,    94.510468,     2.601556,     9.529738
    4.110859,    35.243863,     3.712924,     7.534442
   31.539782,    57.900603,     3.315351,     3.276981
   34.056817,    19.765653,    -1.541437,    -7.231800
    7.299051,    85.238196,    -5.205281,    -3.123319
   21.580946,    23.628285,     0.126491,     0.108881
   90.151927,    84.134620,     0.000000,     0.000000
   29.144266,    38.634641,     5.030358,     6.675799
   49.027410,    82.248355,     9.021597,     3.794481
   65.966839,    56.554162,     1.834753,    -0.669264
    2.399701,    29.109773,     3.024443,    -4.483891
   41.667068,    35.191100,     2.304051,    -5.456360
   68.720530,    67.780833,    -6.790978,     3.952606
   40.118806,    44.937052,     1.070327,    -0.343748
   73.890336,    62.429344,    -3.126161,    -3.603476
   53.807093,    75.404788,     0.979763,     3.869046
   65.377139,    47.101256,     5.230085,    -4.276410
   95.578523,    20.113047,    -2.394091,    -2.551848
   72.108836,    44.063111,     9.340099,    -6.229001
   69.562295,    57.001052,     0.006983,     3.431577
   46.231349,    13.025382,     2.511649,    -7.704058
   33.671497,    97.868469,    -3.507431,     1.346502
    9.536274,    30.973878,    -0.941982,    -5.351977
   74.918248,    74.898287,    -6.218834,     0.279977
   69.810348,    26.675646,     1.878781,    -1.504768
   73.273743,    90.523408,     4.723262,    -2.408810
   96.356813,    62.061694,     6.267699,     2.336090
   67.599711,    90.257102,     1.234319,    -5.556163
   10.634821,    87.022084,    -0.588950,    -1.661705
   67.020995,    61.283833,    -0.579198,     6.750418
   93.983393,    22.042482,    -1.879326,     1.355403
   97.331803,    17.397378,    -1.438151,    -0.760175
    3.189106,    82.773460,     4.405625,   -11.808262
   61.313902,    69.810706,     0.673202,     5.415535
   65.461871,    71.581704,    -1.205605,     0.273599
   63.648606,     3.624236,    -3.617453,     0.908157
   97.798250,    79.998144,     0.000000,     0.000000
   78.428071,    29.678903,    -4.570763,    -4.101045
   66.270222,     8.995024,     0.312569,    -8.311372
   73.189750,    76.014522,     2.867839,    -1.441818
   40.843071,     3.949921,     0.000000,     0.000000
   92.934139,    70.365418,     0.000000,     0.000000
   15.745553,    51.488374,     4.271169,   -11.900918
   67.626705,    75.281504,    -2.315969,     5.904357
   76.078902,    72.974716,     1.653382,     1.904137
   31.256526,    59.310986,    -0.687413,   -12.406589
    5.788565,    74.441938,    -2.007736,    -4.228223
   65.093385,    95.010746,    -0.659977,    -0.729542
   74.212753,    11.151645,    -2.776226,    -5.398865
   88.569527,    55.092987,    -8.960060,    -1.192470
   73.381737,    99.085290,     0.000000,     0.000000
   59.101352,    95.602169,     1.927593,    -2.638925
   37.948003,    17.163721,    -0.520763,    -0.790529
   66.862122,    74.347980,     0.500990,    -1.150803
   46.500650,    51.169807,    -2.501063,     8.859714
   99.794009,     3.479114,     0.000000,     0.000000
   99.049080,    91.757229,     0.000000,     0.000000
   71.864210,    70.893662,     5.601919,     0.381236
   95.422147,    75.919022,     0.000000,     0.000000
   11.387994,    96.814470,     0.355819,   -11.026053
   86.291141,    10.789234,   -12.064281,     0.709812
   79.942246,    50.527440,     4.169263,     2.237946
   93.668969,    46.653050,    14.585193,     6.362147
   66.328098,    43.922582,    -0.650796,    11.108748
   83.505853,    73.277782,     1.733156,     4.030474
   55.977379,    53.804623,   -11.392247,    -2.448420
   12.357784,    62.521700,     0.469708,   -12.793194
   52.146248,    70.310923,    -0.906083,    -5.011892
   12.445414,    64.554232,    14.402940,     2.124979
   14.615660,     9.690718,     0.000000,     0.000000
   56.174531,     3.287645,    -3.750700,    -3.224290
   56.398038,    81.296161,     2.053392,     1.871345
   85.600900,    73.223158,     1.156341,     1.651253
   30.023537,    35.497585,   -15.529320,     1.847629
   67.374799,    57.397840,     1.619920,     4.644734
   74.408343,    52.613238,     0.158788,     0.892683
   38.455804,    41.039706,    -7.851060,     6.201661
   16.222347,    69.367663,    -0.867826,     0.809803
    5.577309,    23.213650,    -2.014252,    -3.316824
   13.812792,    17.956524,    -4.697859,    -5.221287
   55.377308,     8.304660,     0.000000,     0.000000
   38.182910,    97.519628,     0.000000,     0.000000
    2.608910,    72.823052,    -0.340762,     0.161808
   79.619470,    75.939160,     1.895320,    -1.753332
   46.250607,    33.825638,   -17.700978,    -3.029855
   93.733392,    45.914072,    -9.901202,     5.271944
   87.411186,    16.484709,    -3.487446,    -0.574570
   14.993936,    54.663602,     3.668216,     3.245241
   32.395244,    94.544024,     4.349030,     0.500895
   66.258090,    97.361337,     3.936638,    -4.210354
    6.598862,    20.759418,     2.152106,    -8.579764
   10.238669,    97.054071,     8.737224,    -6.252317
   37.482453,    92.259789,     6.060647,     9.588633
   24.093360,    96.570592,     0.602305,    -9.960767
    8.260838,    55.889957,     0.000000,     0.000000
   23.402327,    20.882159,   -10.035912,    -4.333358
   24.192626,    10.921177,   -17.158032,    -9.126040
   42.626557,    52.158193,    -9.619135,    19.280728
   57.132836,    15.427252,    -6.875606,    -3.065463
    3.406928,    44.024768,     0.000000,     0.000000
   40.362905,    47.866967,    -0.974418,     4.962437
   38.756069,    32.408787,   -14.790900,    -1.177160
   97.537999,    48.597014,    -1.855978,    -0.187233
   72.774601,    68.428594,     7.585012,    -3.111961
    2.139329,    80.534759,    -5.101535,    -1.903366
    9.394657,    51.241749,    -2.441235,     5.959356
    5.344197,    29.130444,     2.336603,    -1.199264
   91.665619,    47.912760,    -8.637382,     1.563795
   69.982590,    72.132329,     3.789104,     4.087754
   58.613131,    15.134560,     0.174074,    -3.040500
   81.091696,    50.605175,    -9.191022,    -3.973677
   12.688253,    16.175802,    -1.430680,    -2.459917
   81.076893,    54.454863,    -0.790190,    10.613145
   84.247055,    74.199269,     2.354557,     4.572677
   68.451730,    23.942988,    -7.754487,    -4.444494
   66.391150,    12.025500,    -5.198811,     2.452535
   49.058385,    94.768999,    -2.470677,    -1.938138
   67.489312,    97.746247,     2.604577,    -2.465533
   61.036745,     4.025919,    -0.710964,     3.365114
   52.206945,    17.344765,    12.172737,    -4.312217
   32.246540,    21.530324,   -12.646139,    -1.361659
   48.282400,    51.485389,    -2.257701,     6.253481
   48.317868,    81.190153,     0.797264,    -3.152520
   46.799918,     5.423553,     0.000000,     0.000000
   76.209479,    86.528195,     0.000000,     0.000000
   91.746354,    36.206663,     6.236139,    11.900176
   28.739073,    50.940978,     0.801594,     5.166145
   92.684089,    19.050008,     0.201559,    -3.550842
   46.154255,    12.789662,    -0.033642,     0.125773
   47.105419,    35.022234,     4.923696,   -23.010932
   92.262882,    65.585111,    -1.234438,     4.037850
   70.694397,    65.711789,    -1.191195,    -3.964306
   12.446168,    96.272335,     1.527911,    -3.828563
   85.524545,    75.957173,    -2.062412,     0.885916
   73.401324,    63.914675,    -1.635509,     2.323783
   30.372155,    21.872535,    -9.102947,    -5.023933
   62.041165,    59.218909,     6.330503,     9.475047
   63.287280,    61.563994,    -0.021108,    -1.763608
   96.789788,    98.778218,     0.000000,     0.000000
   97.387235,    51.533019,     0.376510,    -3.732219
   47.576067,    25.329040,     6.700803,    -2.597552
   93.647127,    24.510512,     3.140573,     0.140918
   33.786972,    82.603616,    -1.217102,     4.834990
   95.495840,    64.119911,     3.922552,     3.404157
   42.957567,    39.912137,     1.697258,    -2.096776
   55.275381,    56.915858,    -5.151932,     5.210781
   18.988010,    71.434104,     1.827470,     1.853662
   42.556866,    11.827441,     2.335914,     0.624805
   22.243794,    32.280847,     3.863911,     5.312139
   32.054785,    28.571225,    -4.985447,    -5.699050
   77.315363,    53.243975,     4.594564,     3.252861
   34.134080,    70.633171,    -4.778095,     8.047138
   71.017141,    72.682594,     5.623687,     5.892218
   32.091051,    27.170068,     3.956338,     3.261914
   28.182661,    20.308026,     6.129156,    -1.605973
   20.902898,    19.641832,     6.592371,   -11.702868
   42.653090,    40.750737,     4.027486,     4.201294
   97.950988,    69.373880,     0.000000,     0.000000
   54.777947,    14.914990,     4.597201,    -2.317058
   13.341504,    15.519120,     2.855410,     0.268913
   82.621678,    68.526826,    -0.816574,     3.815270
   91.095378,    66.761192,     1.162647,     2.488351
   70.640490,    77.165779,     1.771924,     3.194844
   72.352322,    91.404907,     3.801546,     7.454180
   67.109616,    76.100065,     0.328364,    -2.722355
   90.173187,    87.774561,     0.000000,     0.000000
   86.652804,    10.367147,    -7.152663,    -7.436308
    4.453124,    32.137555,     0.138204,     1.274789
   84.756971,    70.299812,    -0.483231,    -2.932502
   63.423019,    13.846617,    -1.638421,    -2.390099
    6.771444,    23.311832,    -5.664592,    -2.944193
   35.062240,    43.405537,    -2.771546,    -6.524947
    3.386833,    27.597896,    -2.255276,    -0.041985
   27.206040,    42.981793,     0.622323,    -1.234622
   25.713783,    25.225516,    -3.384515,   -11.590847
   80.473722,    52.754146,     0.256707,     2.065162
   54.113718,    96.100729,    -3.865880,    -1.566000
   67.987548,    61.650247,    -1.248441,    -6.267008
   29.090194,    19.255338,    -3.112554,    -2.566497
   18.758236,    19.303610,     3.879739,    -2.754143
   36.323682,    25.347723,     5.896340,    -0.766934
    8.086419,    91.712384,     0.982962,    -6.475888
   63.223317,    92.036886,     4.825111,     5.163997
   33.086971,    23.807021,    -5.940229,    -6.057259
    3.139869,    50.198123,     0.000000,     0.000000
    6.619607,    39.697478,    -4.089277,     0.719739
   17.391337,    55.018127,    -2.561831,    -5.777912
   61.807163,     9.441597,     0.000000,     0.000000
   41.222807,    73.963211,     0.000000,     0.000000
   90.251300,    86.424054,     0.000000,     0.000000
   35.786924,    29.677107,     1.175454,     0.256967
   29.224710,    93.218194,     3.571915,     6.264676
   95.585596,    64.511610,    -1.198029,    -0.799062
   14.411824,     9.464066,     0.000000,     0.000000
