x-position, y-position, x-velocity, y-velocity
   99.758399,    37.756936,     0.000000,     0.000000
   55.353994,    16.583807,     1.510416,    -7.069432
   96.625622,    71.781460,     0.000000,     0.000000
   78.810334,    74.768752,     2.260146,     4.210333
   60.714096,    88.991962,     4.415929,     1.369043
   33.829235,    88.629242,    -7.727299,     2.436616
    9.381001,    95.111149,    -0.103571,    -0.814142
    4.853444,    36.750752,    -1.506915,     9.136038
   32.202852,    58.556000,     3.315351,     3.276981
   33.748530,    18.319293,    -1.541437,    -7.231800
    6.257994,    84.613532,    -5.205281,    -3.123319
   21.732336,    22.534001,    -8.525500,   -10.462440
   90.151927,    84.134620,     0.000000,     0.000000
   30.150338,    39.969801,    -1.084889,     0.439433
   50.831730,    83.007251,     9.021597,     3.794481
   66.226077,    56.849243,     2.807703,    -1.559525
    2.593479,    28.385447,    -1.086662,    -2.759366
   41.898665,    33.572522,    -2.523981,     4.402527
   67.362334,    68.571354,    -3.807602,     5.926363
   40.332872,    44.868303,     1.070327,    -0.343748
   73.265104,    61.708649,    -3.126161,    -3.603476
   54.003046,    76.178597,     0.979763,     3.869046
   66.187010,    46.193729,     2.868627,    -4.798863
   95.342329,    19.495301,    -2.091984,    -1.866447
   73.976856,    42.817311,     9.340099,    -6.229001
   69.671404,    57.258433,    -4.645117,     0.661411
   46.651953,    12.311114,     1.694397,     0.561374
   33.713668,    97.761446,    -5.078985,     1.775581
    9.347878,    29.903483,    -2.153132,     0.138719
   74.228184,    75.131524,     0.404319,     0.488052
   70.186104,    26.374692,     1.878781,    -1.504768
   74.218396,    90.041646,     4.723262,    -2.408810
   97.610353,    62.528912,     6.267699,     2.336090
   67.846575,    89.145870,     1.234319,    -5.556163
   10.517031,    86.689743,    -0.588950,    -1.661705
   66.905155,    62.633917,    -0.731885,     7.124879
   94.115561,    22.277683,     3.201005,     0.996612
   96.896462,    17.137675,    -1.682624,    -1.024304
    3.644896,    81.093488,     8.245722,   -10.384660
   61.448543,    70.893813,     0.673202,     5.415535
   65.409156,    71.523624,    -2.304926,    -2.828156
   63.009670,     4.109042,    -3.213857,     0.549399
   97.798250,    79.998144,     0.000000,     0.000000
   77.513919,    28.858694,    -4.570763,    -4.101045
   66.332736,     7.332750,     0.312569,    -8.311372
   73.589435,    76.228874,     3.986339,     2.106230
   40.843071,     3.949921,     0.000000,     0.000000
   92.925057,    70.370080,    -0.248119,     0.128309
   16.599787,    49.108190,     4.271169,   -11.900918
   67.163511,    76.462375,    -2.315969,     5.904357
   75.902352,    72.836598,     1.413088,     9.196442
   31.119043,    56.829669,    -0.687413,   -12.406589
    5.260126,    73.920326,    -1.468618,    -4.362615
   65.131125,    94.770766,    -1.188170,    -0.129532
   73.657508,    10.071872,    -2.776226,    -5.398865
   86.777515,    54.854493,    -8.960060,    -1.192470
   73.381737,    99.085290,     0.000000,     0.000000
   59.486871,    95.074383,     1.927593,    -2.638925
   37.843851,    17.005615,    -0.520763,    -0.790529
   66.979737,    74.200908,    -1.745348,    -0.337873
   46.000437,    52.941750,    -2.501063,     8.859714
   99.794009,     3.479114,     0.000000,     0.000000
   99.049080,    91.757229,     0.000000,     0.000000
   72.984594,    70.969909,    -1.498074,     0.495982
   95.422147,    75.919022,     0.000000,     0.000000
   11.459158,    94.609259,     3.838959,    -4.118346
   83.878285,    10.931196,   -12.064281,     0.709812
   80.387505,    50.999691,     0.283325,     2.484566
   96.456921,    48.148290,     2.309663,     4.763726
   66.434085,    46.196576,     1.710662,    11.631200
   83.619137,    73.980371,    -3.148181,     1.973960
   53.698929,    53.314939,   -11.392247,    -2.448420
   12.451726,    59.963062,     0.469708,   -12.793194
   51.965031,    69.308545,    -0.906083,    -5.011892
   15.326002,    64.979228,    14.402940,     2.124979
   14.615660,     9.690718,     0.000000,     0.000000
   55.424391,     2.642787,    -3.750700,    -3.224290
   56.808717,    81.670430,     2.053392,     1.871345
   85.637362,    73.817221,    -1.746324,     4.708319
   26.917673,    35.867111,   -15.529320,     1.847629
   67.526277,    58.344572,     5.395825,     3.784061
   74.440101,    52.791774,     0.158788,     0.892683
   36.527723,    41.335381,    -2.055457,     5.866746
   16.048782,    69.529624,    -0.867826,     0.809803
    5.159040,    22.644663,    -2.221011,    -3.994630
   13.706678,    16.941842,     3.636727,    -4.925526
   55.377308,     8.304660,     0.000000,     0.000000
   38.182910,    97.519628,     7.356228,     1.126227
    2.667649,    72.531381,    -0.879880,     0.296200
   79.785861,    75.896760,     3.442530,    -1.847982
   42.939625,    33.746973,   -12.872946,   -12.888742
   91.622758,    46.812954,    -9.551118,     5.356291
   86.713697,    16.369795,    -3.487446,    -0.574570
   15.419046,    54.313251,     0.582880,    -6.748745
   32.452233,    95.050974,     5.228991,     0.376285
   66.947394,    96.711673,     2.956410,    -2.286289
    7.029284,    19.043465,     2.152106,    -8.579764
   12.380635,    96.890975,    12.682438,     4.621358
   38.694582,    94.177516,    -1.295581,     8.462406
   24.213821,    94.578438,     0.602305,    -9.960767
    8.260838,    55.889957,    -1.283378,    -0.239708
   21.560162,    19.637681,    -0.573400,     0.375188
   20.761020,     9.095969,   -17.158032,    -9.126040
   40.702730,    56.014339,    -9.619135,    19.280728
   56.301762,    15.493636,    -6.072490,   -10.100456
    3.406928,    44.024768,     0.000000,     0.000000
   40.168021,    48.859454,    -0.974418,     4.962437
   36.984736,    31.543992,    -2.922431,    -7.470789
   97.393673,    48.334012,    11.837066,     5.869231
   73.334414,    67.877402,     8.326504,    -0.385943
    2.564664,    79.472407,     1.261437,    -3.326968
    8.906410,    52.433620,    -1.157857,     6.199065
    5.554004,    29.066622,     1.888421,    -5.907658
   90.068536,    48.381025,    -8.987466,     1.479448
   70.740411,    72.949880,     7.701178,    -3.094096
   58.647946,    14.526460,     0.758916,    -1.962725
   79.253492,    49.810440,    -9.191022,    -3.973677
   12.277238,    15.803106,    -2.885169,    -1.769944
   81.388555,    55.799919,     3.906809,     2.837417
   84.914626,    74.886521,     1.074835,     0.105667
   66.900832,    23.054089,    -7.754487,    -4.444494
   65.228890,    12.276656,    -4.618045,     2.786802
   48.564250,    94.381371,    -2.470677,    -1.938138
   68.108250,    97.060734,     3.584804,    -4.389598
   60.809998,     4.395767,    -1.114561,     3.723871
   53.863025,    15.588222,     4.978684,     1.974696
   29.982589,    20.389307,    -3.862947,    -4.386974
   47.830860,    52.736085,    -2.257701,     6.253481
   48.477321,    80.559649,     0.797264,    -3.152520
   46.799918,     5.423553,     0.000000,     0.000000
   76.209479,    86.528195,     0.000000,     0.000000
   92.993582,    38.586698,     6.236139,    11.900176
   28.899392,    51.974207,     0.801594,     5.166145
   92.629488,    18.554884,     0.143925,    -3.972114
   46.365777,    12.010911,     2.148868,    -7.913283
   48.090158,    30.420048,     4.923696,   -23.010932
   92.072836,    66.444328,    -1.299365,     3.892180
   70.456158,    64.918928,    -0.633617,    -0.700026
   12.204089,    95.724521,    -3.195317,   -11.266065
   85.343558,    76.201333,     2.570034,     3.443344
   74.031411,    64.308232,    -2.934579,    -3.666516
   29.123696,    20.918986,    -6.475995,   -11.733585
   63.248950,    61.143093,     5.900028,     9.392332
   63.341374,    61.182097,     0.562054,    -2.055353
   96.789788,    98.778218,     0.000000,     0.000000
   97.364754,    50.789321,    -1.041004,    -8.190262
   48.916227,    24.809529,     6.700803,    -2.597552
   93.767209,    24.574574,    -1.939758,     0.499709
   33.543551,    83.570614,    -1.217102,     4.834990
   96.280351,    64.800743,     3.922552,     3.404157
   43.297018,    39.492782,     1.697258,    -2.096776
   54.244995,    57.958014,    -5.151932,     5.210781
   19.353504,    71.804837,     1.827470,     1.853662
   42.887523,    11.929764,     0.970656,     0.398429
   23.016576,    33.343275,     3.863911,     5.312139
   31.057695,    27.431415,    -4.985447,    -5.699050
   77.764575,    54.672120,    -0.102435,    11.028590
   33.178461,    72.242599,    -4.778095,     8.047138
   72.344313,    73.823552,     2.060524,     3.146168
   32.882318,    27.822450,    -6.828132,    11.568429
   28.374266,    20.924892,     1.442408,    -4.522311
   22.221373,    17.301258,     6.592371,   -11.702868
   43.458587,    41.590996,     4.027486,     4.201294
   97.950988,    69.373880,     0.000000,     0.000000
   55.378844,    14.717321,     8.798779,    -2.588631
   13.204007,    15.424039,    -4.024688,    -0.716822
   82.737134,    68.739393,     1.971132,    -1.689594
   91.280147,    67.202554,     1.475694,     2.505712
   70.919847,    77.681220,     1.021648,     1.959570
   73.112631,    92.895743,     3.801546,     7.454180
   66.969466,    75.585305,     0.690647,    -2.407288
   90.173187,    87.774561,     0.000000,     0.000000
   85.222272,     8.879885,    -7.152663,    -7.436308
    4.480764,    32.392513,     0.138204,     1.274789
   84.381554,    70.263798,     1.160341,     3.481393
   63.217833,    13.607948,    -2.219187,    -2.724366
    5.653944,    22.628615,    -5.457833,    -2.266388
   34.865800,    43.045206,    -8.567149,    -6.190032
    3.604402,    27.241015,     3.515160,    -2.548813
   27.330504,    42.734869,     6.737570,     5.001743
   24.910789,    24.023406,    -4.645431,    -0.430246
   80.913657,    53.142516,     4.142645,     1.818542
   53.340542,    95.787529,    -3.865880,    -1.566000
   67.910366,    60.379061,    -1.345196,    -1.745908
   28.641032,    18.660275,    -5.421838,    -0.922656
   19.369167,    19.130587,     4.330133,    -8.051969
   37.502950,    25.194337,     5.896340,    -0.766934
    8.283012,    90.417207,     0.982962,    -6.475888
   64.018604,    93.163757,     5.353304,     4.563987
   31.922395,    22.556719,   -10.354341,     4.950206
    3.139869,    50.198123,     0.000000,     0.000000
    5.801751,    39.841426,     1.130563,    -0.881857
   17.187504,    54.861943,     0.523505,     4.216074
   61.807163,     9.441597,     0.000000,     0.000000
   41.222807,    73.963211,     0.000000,     0.000000
   90.251300,    86.424054,     0.000000,     0.000000
   34.835168,    30.357863,     0.091456,    -1.755920
   30.008252,    94.171382,     4.263508,     3.267203
   95.345990,    64.351797,    -1.198029,    -0.799062
   14.411824,     9.464066,     0.000000,     0.000000
