x-position, y-position, x-velocity, y-velocity
   99.758399,    37.756936,     0.000000,     0.000000
   71.162145,    25.360273,     1.847597,    -5.721025
   92.877526,    78.812023,     0.422515,     2.153223
   82.287909,    89.618557,    -3.334793,    -0.785526
   74.963910,    96.745516,    -9.357316,    -3.835469
   40.538852,    91.078216,    10.628680,     6.854861
   32.853313,    34.231647,     3.889404,    -8.212224
   22.614455,    48.463734,     1.331958,    -4.508294
   36.667588,    75.352315,    -1.159827,     3.053937
   60.603568,     3.597304,     6.785448,    -2.305556
   18.310653,    81.360971,     3.450931,     5.567725
    9.271207,    17.890190,     6.849700,     4.632711
   86.140739,    94.417168,    -5.968692,     4.984336
   55.408534,    89.211546,     3.990063,     5.643279
   68.057876,    90.879521,     0.001613,    -4.555709
   53.393996,    28.963142,    -2.197807,    -4.679096
    9.608618,    38.002987,    -0.040497,     7.926616
   38.823022,    66.842266,     0.746865,     4.530288
   65.496160,    96.715336,    -0.952455,    12.846548
   35.567974,    45.751166,     9.574134,     4.210720
   78.860145,    60.163871,    10.084785,     2.126617
   57.172976,    87.972680,     9.675019,     0.413746
   84.723249,    18.322926,     1.263724,     2.591230
   98.599736,     4.318039,    -4.254335,    -3.886114
   91.375199,     1.920072,   -18.931744,    -0.935147
   54.853729,    76.761653,     2.527439,    -1.467438
   30.042270,    12.866591,    -6.605029,    -6.786169
   48.341176,    94.445286,    -1.697570,    -1.191711
   10.189917,     2.551930,     6.954607,    -2.849167
   90.886604,    78.762067,     6.689600,    -3.948671
   88.511028,     2.425591,     6.204853,    -0.606576
   87.393202,    90.449380,    -4.771152,    -2.086726
   94.254804,    77.680545,    -6.060640,    -5.167527
   77.266222,    93.258147,    -3.208502,    -1.194158
   15.044992,    69.485411,    12.813670,    -0.262897
   78.667766,    90.174578,     1.815127,    -9.464850
   78.211534,    34.685358,    -1.549527,     4.848411
   94.660022,     3.105679,    -2.415492,     0.803140
   35.977865,    62.625112,     2.315973,    -1.176196
   64.659112,    89.645554,     0.439800,     1.270161
   45.495810,    47.811784,    -0.264906,    -5.619407
   86.274783,    11.395417,     4.752610,     2.751545
   96.425517,    83.025378,     1.899920,     0.679984
   60.918391,    44.314257,    -1.545604,    -0.223030
   81.051179,     2.273421,    -2.166071,     0.526501
   90.996894,    81.288790,     1.018927,     0.617034
   42.908650,    30.965735,     1.747779,     4.806405
   97.231934,    87.332040,    -2.066471,    -0.847661
   36.713847,    21.883837,     4.306252,    -7.202293
   82.018144,    97.579110,     0.421285,    -6.599918
   80.997679,    92.854829,    -4.124938,    -1.421192
   35.746295,    51.831381,     7.285428,     4.321562
   20.095432,    74.615766,     1.860563,    -0.906197
   91.860247,    83.456511,     1.629399,     1.540790
   58.182352,    21.523789,    -4.938973,     4.155514
   65.854052,    57.125642,    -1.094273,     0.846695
   59.077084,    93.046280,    -4.217608,     0.029041
   73.047323,    97.197823,     3.497557,    -2.266548
   34.691722,    21.773678,    -2.663513,    -5.577820
   52.546002,    81.344825,     6.166565,    -3.176012
   60.605659,    81.761116,     1.947658,     4.114692
   96.006948,     2.096802,    -6.021018,     5.826375
   96.345138,    94.858928,    -3.013974,     0.069168
   64.777016,    84.306702,    -3.639131,     3.145436
   96.449383,    89.562880,    -3.090851,     1.727045
   37.285318,    82.177303,     5.117636,    -8.088514
   72.463773,    51.045855,    -1.970469,     0.198334
   58.216534,    31.555034,    -0.057146,    -6.911503
   87.434998,    53.466537,     0.819260,    -3.159227
   63.741732,    42.940960,     3.427733,    -5.255792
   59.683306,    74.046349,    -0.186588,     0.697404
   37.905895,    58.293844,    -2.802553,    -0.453376
   14.675809,    49.970135,     1.166239,     8.356866
    1.367237,    53.207718,     0.478225,   -19.522912
   49.571776,    67.611763,     2.506683,     4.729984
   18.106813,    12.027780,     4.260765,     7.190068
   10.869081,    23.290198,    -0.899306,     5.706595
   58.885888,    74.156099,    -6.620553,    -8.167430
   96.824278,    92.389381,    -4.047805,     3.698187
   14.478092,    13.831914,     7.886416,     3.487127
   70.179732,    90.314810,     6.808307,     2.509293
   74.252647,    60.815363,    -0.488492,     5.184633
   18.790716,    97.481107,    -3.952929,     9.052069
   23.865569,    63.728697,     1.366425,    -6.534516
   21.493242,    16.162373,     6.359347,     0.536324
    2.336493,    26.858846,     6.468655,     6.894412
   47.385846,    23.470414,     7.653726,     0.098851
   51.316792,    80.547184,    -2.031654,     5.801486
   27.353085,    75.548185,     5.546932,     5.993193
   93.467807,    82.414613,     0.179023,     2.534928
   39.257075,     5.859434,    -0.492885,    -4.809096
   72.231388,    26.434809,    -2.150490,     4.631250
   74.766637,    12.658390,    -7.735331,     1.987978
   26.448155,    31.435002,    -1.061506,     2.338498
   44.233184,    55.357739,    -2.827618,   -10.154220
   66.751625,    95.623083,     2.302341,    -0.282237
    9.916227,    12.671657,    -2.109211,     5.966451
   46.673565,    76.890843,     5.172189,    -4.607844
   42.645460,    91.013662,    -0.724005,    -0.554465
    7.370769,    72.446952,    -2.540483,     4.393507
   33.220928,    85.131857,     1.191491,     7.064874
   38.171725,    41.255043,    -6.166908,    18.119474
   12.595337,    36.791172,     7.276428,     3.116302
   11.628470,    75.437236,     8.038055,     3.407591
   42.033442,    26.774166,    -7.401616,    -5.614871
    7.730867,    39.450316,     3.726411,     5.121577
   31.723490,    88.109559,     2.922120,     7.997345
   18.082116,    47.054961,     2.416269,     0.790639
   47.382758,    67.202807,     1.691797,    -2.525103
   80.676192,    84.124733,     0.525919,     1.629907
   13.762776,    63.357423,     7.030601,     0.137736
   22.314887,    50.317886,     9.920771,     6.318411
    8.184335,    37.661582,    -0.063888,     1.540397
   77.977996,    66.552924,    -2.744531,     3.901979
   78.291451,    89.436428,    -0.397980,    -5.962534
   38.902868,    50.340810,    -0.404616,    14.304934
   38.323952,    36.365028,     1.817526,    -1.985350
   24.906702,    24.073678,    -5.250733,     9.194276
   88.515820,    74.869267,    -1.330973,    -2.940758
   92.689706,    80.922682,    -2.797633,    -2.344421
   67.668995,    43.566402,     7.866438,     0.002163
   67.190096,    46.574523,     1.953614,     3.037730
   60.263610,    87.787132,     4.686897,    -7.446850
   97.145917,    97.123891,    -0.902765,    -4.469838
   58.918188,    21.662593,     4.355079,     2.948920
   42.805254,    15.574923,     0.756701,    -2.128856
   33.690587,     4.509562,     3.331470,    -3.514950
   50.031565,    45.130123,     0.113788,     0.178227
   46.802456,    54.805184,     1.345106,    -4.877411
   60.140312,    14.057875,     1.481655,     2.921997
   86.950659,    95.193037,     5.605045,    -0.114925
   80.128232,    20.367257,     0.784107,    -0.996913
   23.252282,    34.031905,    -2.950158,    -4.809707
   86.631262,     6.765229,     2.278229,    -1.304742
   54.397438,    16.004835,     2.955451,     0.575764
   39.590838,     7.367655,    -3.256228,    -0.967766
   95.311567,    81.008251,    -1.629854,     1.503784
   80.563512,    56.524851,    -4.504896,     2.601746
    2.514887,    94.489717,     2.119127,    -1.092038
   93.510505,    92.234204,    -8.108596,     1.932280
   67.267698,    65.616387,    -2.279039,     1.120687
   24.777738,    13.041846,     4.399903,     6.691106
   76.722615,    86.343756,    -0.303474,     5.635894
   57.816159,    48.051107,    -3.061737,     5.310228
   95.371210,    95.107849,     6.439286,     1.935762
   84.167790,    61.666907,     9.482364,     6.867414
   96.372840,     4.520550,    -0.198400,    10.646797
   81.619891,    36.078046,     5.248121,    -1.374106
   36.060254,    92.160795,    -3.290377,     2.190436
   91.379829,    71.358470,    -5.044265,    -0.675425
   33.984985,    52.114473,    -7.170781,     7.304848
   52.510870,    67.206137,    -2.855806,     4.836196
    9.059284,    94.994391,    -6.812005,    -6.758054
   42.158187,    29.027934,     8.447802,     5.463554
   22.260010,    37.924510,    -2.776597,    -1.002435
   17.519920,    15.097420,     4.611919,     1.656868
   88.902705,    74.917668,    -0.899786,    -1.011300
   34.965750,    87.652079,    -2.013808,    -9.630902
   68.220727,    93.405651,     1.566442,    -3.380631
    2.178142,    26.561570,    -1.574775,    -7.295965
   10.969367,    37.972283,    -2.758356,     3.335960
   19.716389,     2.334131,    10.316399,     1.738920
   66.409975,    46.724900,    -7.939230,    -0.326279
   98.082633,    79.044790,    -2.482465,    -4.167132
   51.267395,    33.599901,    15.258228,     7.951801
   33.156761,     9.266670,     6.086539,     7.328536
   88.190119,    88.311308,     0.158942,    -3.583241
   90.832731,    49.966512,    -1.623909,    -3.153052
   40.263082,    88.966195,     1.732113,    -4.700241
   88.903462,    96.637679,    -4.757081,     5.030031
   61.308301,    66.131848,    -0.711947,    -5.307775
   91.421968,    87.726639,     1.079230,     2.525597
   72.752516,    40.581309,     3.788304,     6.131803
    8.307435,     8.036065,     1.140234,     3.518167
   84.370409,    38.463949,    -8.802031,    -4.415860
   70.638422,    16.077006,     2.447536,     4.467007
   10.632355,     6.658606,     7.004950,     7.571461
   35.611131,    32.243631,    -2.225058,    -2.384985
   17.580542,    40.509197,     4.976189,    -0.698304
   44.405129,    66.583158,    -3.759234,    -7.577039
   10.955474,    70.237606,     2.912989,     4.931927
   79.166725,    50.301962,     3.559938,    -5.271569
   36.882330,    73.396527,    -7.748111,    -3.640922
   49.375353,    44.006940,    -0.139918,    11.972986
   26.138772,    16.765606,     2.536245,    -6.183328
   19.736346,    24.546463,    -2.211840,     0.663772
   47.755112,    23.640926,    -1.706582,     1.658012
   21.175760,    88.455381,     3.099707,    -8.075036
   73.852777,    95.991189,     1.903942,     0.669753
   37.295183,    31.295165,    10.268718,    -3.928598
   19.741754,    49.008111,   -11.195740,     2.582178
    5.166084,    37.195003,    -4.652758,    -2.542641
   23.447602,    58.914750,     4.188342,    -2.032867
   75.014953,     2.846771,     2.064079,    -1.080044
   51.904313,    76.730757,    -6.309048,     3.304376
   82.951942,    97.434646,    -2.406778,     6.097847
   18.097992,    32.062075,    -7.131047,     1.182876
   39.334548,    83.120113,    -6.402473,    -8.178441
   91.258704,    65.779149,    -0.588547,     1.192918
   46.306276,    20.499142,     3.335566,    11.268230
