x-position, y-position, x-velocity, y-velocity
   97.746415,    36.353572,    -1.224329,    -0.989117
   76.598216,    11.795155,    -2.415354,     7.245956
   85.233880,    87.022835,    -2.511808,    -1.339901
   66.893259,    60.362729,    -9.342560,     0.390313
   83.852440,    93.556410,     6.275237,     4.871341
   34.668642,    83.163656,    -5.298580,     6.861527
   56.342642,    26.386370,     5.222040,     0.239631
   46.772421,    43.584563,    10.133880,     6.717148
   52.929015,    80.572328,     0.559859,     4.032495
   92.875347,    13.654495,     1.272929,     5.460470
    6.646934,    94.203518,    -5.348774,    -5.325928
    2.368834,    18.570558,    14.349414,    -5.282718
   80.805496,    94.436921,     0.560519,     9.008765
   53.224729,    97.224293,    -2.511319,     0.092539
   81.578617,    85.725059,     1.827665,    -1.917332
   65.294747,    34.310734,    -6.221770,    -8.901841
   31.278691,    82.398248,     8.335791,    -3.638539
   24.774522,    67.802841,     8.566491,    -4.158444
   61.670072,    91.816208,     0.506482,    -2.008496
   43.482994,    43.499250,     0.410691,    -3.591883
   86.406305,    72.819975,    -8.015063,    -4.116631
   71.592349,    80.527307,    -2.405988,    -3.761477
   90.289251,    30.878950,     2.179469,    -0.580037
   84.959057,    45.836867,   -13.625297,    -4.876909
   68.042470,     8.613301,     1.419751,    -5.924116
   66.939390,    66.862912,    -0.786740,    -6.522317
   58.118802,    16.404358,     3.110656,     7.717704
   63.333314,    75.711771,    -6.278424,    -3.185455
   23.997270,    23.146964,     0.211710,    -3.542121
   94.365792,    66.922753,    -4.176006,    -7.664122
   83.306362,     4.827832,    -2.878541,     1.207210
   91.643832,    77.181479,     0.989283,    -0.215161
   79.752500,    66.724500,     1.941700,     0.197875
   59.003118,    66.981217,    -3.260221,    -6.500201
   23.963405,    55.753857,    -2.918374,    -5.462332
   87.223341,    74.416484,     6.640588,    -0.383302
   85.558936,    47.157528,    -2.362132,     0.780656
   84.166456,    30.991898,   -10.333665,    -1.248761
   40.008907,    75.746831,    -0.130941,    11.909185
   61.692410,    89.431267,     1.452336,     2.524721
   57.134800,    25.079245,     5.514058,    -2.116404
   87.463303,    21.223621,    -1.307666,    -1.413667
   95.637838,    91.071376,    -1.461459,     2.696807
   36.133634,    70.964140,    -6.045704,     5.928681
   80.976507,     4.838856,     0.593729,     2.366875
   89.424478,    68.322783,     2.844638,    -0.655042
   45.619104,    59.034315,    -3.277379,     6.301616
   98.174140,    77.418008,    -0.132265,    -8.589865
   28.214385,    16.379333,    -7.245125,     0.861285
   75.048908,    57.719421,     0.388938,    -2.049373
   79.502801,    93.769836,    -5.185566,     1.669233
   53.541847,    39.968188,     5.722175,     6.950464
   33.027087,    75.836054,     2.629767,     3.554985
   91.502638,    88.674149,     1.903549,    -0.683986
   37.981443,     2.401025,    -4.163616,    -4.456751
   65.068885,    69.290494,     5.872010,     6.255210
   45.162674,    96.928645,     2.681417,     0.957715
   66.056627,    83.108237,    -9.397197,    -2.035633
   18.631616,    31.924977,    -7.370075,     2.236820
   75.864954,    83.988698,     4.394319,     8.662149
   77.837757,    69.907219,    -3.204126,    -6.306397
   95.881106,     4.146158,     3.159855,     3.423190
   84.672403,    94.060853,     3.844368,     0.348406
   63.468378,    72.139999,     2.894231,     0.659871
   87.321550,    91.138806,     4.694163,    -5.324425
   41.235716,    76.742393,     2.162510,    -4.771443
   78.269782,    42.755483,     2.434508,    -4.053459
   62.005916,    55.801130,     2.768524,    10.310264
   85.251525,    34.587426,    -3.336730,    -1.798934
   87.824560,    67.092797,    -0.975305,    -2.330878
   56.427286,    71.272971,     3.494284,    -3.076692
   61.098294,    86.504749,    -6.423443,     1.244538
   23.808117,    65.245184,    -2.186526,     1.956583
    6.779001,    14.947849,    -3.283745,     7.990739
   42.221482,    64.473838,     2.821853,    -2.349544
   34.828228,     3.028580,    -0.251742,    -5.030701
   12.925721,    30.140282,    -0.768255,     2.987608
   72.448845,    54.634950,    -7.737691,     0.978715
   94.840000,    93.420053,    -0.235643,     1.708522
   19.805483,    38.857253,    -3.268876,    -0.870170
   54.472921,    95.084036,     8.182758,    -5.875966
   75.136074,    64.112757,    -3.431158,    -3.469640
   15.524894,    71.812441,    -5.288606,     4.858939
   23.728838,    51.381933,    -2.389103,    -3.296310
   36.281741,    14.045853,    -1.644531,    -0.131076
    2.968596,    42.245179,     0.810422,    -3.657000
   60.863550,    18.359190,    11.989811,     1.927279
   91.747468,    80.729131,     6.528252,     6.184389
   47.074404,    78.824325,     0.194165,    -4.010614
   88.684186,    85.894611,    -2.819997,    -6.692178
   47.760338,    13.672259,     3.723132,    -6.947887
   61.285522,    22.696705,     2.810796,     5.559252
   69.841167,     8.869307,     0.188785,     7.767621
   36.600536,    38.288634,    -0.130401,     3.071301
   43.293669,    25.021995,     6.003006,     0.402062
   70.752937,    82.720549,     2.762093,    -5.145413
   27.495496,     2.455612,    10.817812,    -2.088186
   46.103676,    93.398903,     2.765931,     5.907551
   53.417728,    77.868683,     5.677732,     1.044590
   12.910140,    61.027289,     0.026584,    -7.182551
   27.195367,    90.154118,    -3.132654,    -4.778631
   21.413459,    42.329702,     2.936666,     1.133635
   35.775717,    40.151967,    -0.400414,     9.010550
   55.099366,    91.423118,    -2.083435,     2.472940
   31.846725,     3.854313,     3.584767,    -1.630889
    4.043888,    63.170874,    -0.271496,     0.879762
   15.007162,    91.907260,    -7.474511,    -1.623094
   19.023477,    48.585753,    -5.176867,     0.670601
   68.386734,    53.085047,    -7.331021,    -7.008616
   88.021403,    51.961362,    13.765407,    -1.483051
   13.946862,    94.940517,    11.428774,     7.649408
   29.879829,    48.322263,    -0.072240,    -4.844529
   15.934824,    65.848225,     8.040345,     9.084577
   74.020429,    63.344194,     1.569712,    -5.582170
   91.673749,    56.104680,    -8.441461,    -8.458218
   44.757572,    94.796488,     0.647397,    -5.827008
   39.230116,    15.123078,    -3.430471,    -6.537853
    3.812922,    54.051700,     3.132857,     7.590324
   70.756738,    56.545295,     7.340207,    -4.699820
   97.699259,    87.152772,    -3.778475,     0.248581
   77.974980,    58.660385,    -8.238201,     7.238682
   54.347949,    57.799480,    -3.764756,    -7.121248
   62.025758,    87.448584,    -1.714499,    -4.608241
   92.639206,    97.216209,    -5.299878,    -2.826582
   90.055543,    32.790943,     5.082081,     7.410396
   62.604175,     3.093670,     2.860429,    -5.188611
   44.342960,    11.854757,     2.783039,     6.375099
   30.958330,    62.233980,    -7.917505,     2.869983
   18.977295,    51.160440,    -1.313660,    -0.825341
   62.595518,    11.615816,     3.060578,    -1.990550
   79.810510,    97.027345,     3.459968,     4.988774
   82.224857,    31.304506,    -0.334963,     2.958598
   24.332997,    27.380092,    -7.617089,     1.776000
   96.877612,    13.090328,    -6.962724,     1.945278
   58.342016,     6.630841,     2.161098,    -2.237622
   58.576118,     6.373229,    10.841355,    -0.707003
   93.751891,    87.330227,    -0.974175,    -1.043752
   54.708607,    67.161188,    -5.048417,    -5.303008
    9.283986,    84.110481,     5.796778,   -10.456661
   86.996059,    87.579151,    -0.767228,    -1.301741
   52.953510,    53.891700,    -4.750063,    -5.951526
   59.151899,    20.380198,    -3.368635,    -0.756230
   61.535036,    93.827722,    -3.263583,     8.769680
   50.588107,    62.239251,    -3.920930,     3.233340
   80.535401,    88.564776,     3.921541,     6.094825
   86.346591,    72.899971,     2.884161,     3.831169
   78.496414,    11.588283,     3.712704,    -0.516485
   74.731906,    25.946477,     1.965081,    -6.579283
   35.531861,    93.329509,    -8.359387,    -1.393468
   71.466815,    44.825358,     5.655520,     2.142742
   34.645458,    61.707063,    -2.477640,    -0.475348
   46.828934,    63.944288,     4.138168,    -4.109453
    3.780184,    97.610224,    -0.619103,    -0.733740
   75.031915,    41.267959,     3.976470,    -8.821971
   21.176786,    34.891752,     0.957111,     1.850058
   21.428968,    31.911624,    -1.929938,     4.806838
   67.894298,    59.155226,    -4.347372,     0.803064
   38.428470,    78.696878,     5.933835,    -2.092720
   56.330875,    76.724864,    -6.670850,    -1.342799
    4.875989,    15.527790,     3.488187,     5.767640
   12.726113,    68.014074,     9.960155,    -0.708298
   21.412946,     3.526827,    -4.470056,     0.179637
   82.062054,    42.136798,    -1.031970,     0.098745
   91.946710,    82.996995,    -2.548060,     6.722341
   86.691393,    44.016707,     9.050807,     3.258356
   56.236785,    21.192879,     6.192945,    -4.068760
   95.768959,    76.788749,    -0.952855,     2.420394
   81.635226,    41.183490,     3.793969,     3.432753
   19.853092,    91.831883,     3.920351,     3.254648
   95.665540,    92.175053,    -3.016905,     1.261696
   55.454936,    37.689133,    -0.484954,    -6.089734
   89.701397,    88.584059,    -1.209425,     2.382278
   94.184055,    64.843033,     9.035507,     1.317047
    8.884018,    15.408569,    -5.197709,     6.796978
   76.365632,     3.189779,     1.896868,     2.401344
   82.254362,    34.225085,     3.504364,    -0.471861
   31.969123,    39.033111,     5.648944,    -4.400145
   41.835561,    23.485385,     8.170834,    -1.711038
    5.706580,    49.796942,     0.936697,     1.920264
   41.338345,    71.652609,    -3.403485,    -2.065528
   17.802549,    91.394745,    -3.814710,    -8.448179
   94.149135,    21.982122,    -5.102701,    -4.427769
   47.639429,    89.807126,    -5.253575,    -6.796047
   43.856871,    35.733559,    -3.438910,    -4.472908
   40.925197,    61.140104,     0.970402,    11.934961
    9.632308,    39.824569,     6.133221,     2.411438
   73.267615,     9.277997,    10.631643,     4.141413
   19.811875,    67.247147,     4.569707,    -0.678146
   77.141015,    96.187665,    10.683133,     2.534783
   57.732767,    36.378384,     1.263694,    -3.392475
   24.007025,    79.846043,     7.260305,     6.707386
   30.246437,    46.533837,    -1.979561,     5.304372
   13.178145,    52.533770,    -6.141866,     2.975296
   60.868617,    32.364499,    -5.360126,     6.676308
   80.369713,    82.699769,    -0.515486,     3.835824
   85.142600,    87.215965,     4.859636,    -4.818850
   21.562760,    42.093979,    12.815018,     6.203906
   66.751011,    52.391947,     5.775006,    -3.590764
   77.773709,    44.487180,     0.974434,   -16.269181
   74.859919,    47.022266,     4.499235,    -1.582254
