x-position, y-position, x-velocity, y-velocity
   99.758399,    37.756936,     0.000000,     0.000000
   73.820206,     3.241608,    -1.112594,    -5.595248
   83.461283,    79.143351,    -0.322431,     6.085415
   76.175167,    67.769826,    -1.597244,   -11.036586
   78.085435,    93.738119,     3.209427,    -1.807200
   39.193364,    94.674529,    -2.381433,    -6.058354
   45.385201,    28.089167,     6.242156,    -3.528173
   35.697045,    34.501560,     0.390589,     2.246168
   48.271662,    75.381863,     7.717149,     1.572610
   86.461458,     6.678927,    10.133962,    -1.102980
   14.272171,    94.135379,    -1.869693,     3.228635
   25.084464,    25.909010,   -14.431679,    -0.223213
   72.859436,    87.644771,     2.404161,    -2.158351
   53.031428,    93.107965,    -1.273703,     2.172198
   76.770365,    82.568372,    -2.508318,    10.022800
   67.889568,    37.412101,     5.081208,    -5.541791
   21.258408,    68.185212,     3.208988,     7.859822
   30.298423,    71.285265,    -3.140764,    -2.052166
   58.920460,    95.614874,     0.826840,    -3.799406
   37.010317,    53.012670,    -4.167113,    -6.565568
   94.563245,    65.741958,     9.663820,     5.824658
   72.039321,    81.770342,    -6.879831,    -2.216459
   90.083931,    27.776679,    -0.279039,     1.747429
   92.831826,    48.558859,    -1.405915,    11.744587
   59.189231,    10.654208,     0.198814,     0.992906
   68.763658,    71.599321,     0.547805,    -6.375962
   50.111723,     7.273756,     8.536700,     3.144605
   53.894200,    82.160938,    -0.188618,    -5.862468
   29.634550,    17.452094,     4.626083,     7.661646
   91.867355,    71.505776,    -1.479713,    -2.779725
   87.858962,     2.537257,    -2.055007,    -0.337470
   88.711435,    79.217321,     2.937509,     0.131657
   86.772567,    69.258937,    -3.337054,     1.244854
   69.441103,    76.942341,    -9.204560,     0.318721
   29.508316,    66.132289,    -2.918374,    -5.462332
   79.378076,    81.635647,     7.833624,    -4.922598
   78.025005,    50.205939,     0.443600,     3.671876
   88.951964,    20.873005,    -5.272790,     3.727668
   36.398650,    62.909025,     3.203459,     6.684441
   58.774553,    88.087371,     2.458325,     1.157818
   47.509754,    28.650417,     4.993055,    -1.991905
   91.114225,    22.821491,    -4.610650,     3.560590
   96.859603,    87.890606,     0.727174,     1.804344
   44.691197,    58.333821,    -5.486177,     8.408721
   79.760526,     2.077655,     0.643419,     1.385545
   87.731427,    73.688079,    -0.668297,    -5.261439
   51.846124,    47.061245,    -3.277379,     6.301616
   94.389844,    83.431182,     2.612632,    -3.973339
   36.560548,    15.575889,     0.676955,    -0.116625
   76.769710,    63.664345,    -3.427778,    -9.753176
   72.247885,    85.233503,     6.853832,    -1.033604
   39.319196,    31.091753,     8.997895,    -8.485869
   28.700685,    68.391901,     0.259059,     5.994771
   94.931409,    86.779538,    -1.127747,     3.193621
   41.603859,    10.376896,     7.411331,    -7.208649
   63.440481,    63.970797,     1.129292,     3.199354
   55.865562,    97.157770,    -5.731405,     4.346035
   73.033748,    88.511616,    -3.566521,    -1.651196
   25.045719,    22.439630,     2.296107,    11.506761
   65.428822,    76.539119,     9.209970,     5.598832
   71.459715,    76.207486,     3.851937,    -3.754281
   89.878969,     3.850135,    -0.439968,     0.132875
   81.755671,    93.805063,    -0.432680,    -4.628714
   71.978066,    77.276902,    -1.840670,     3.058427
   91.940692,    93.980378,    -5.391916,     0.057634
   40.835034,    81.621193,     0.312190,    -2.829164
   70.712340,    49.187061,     0.255778,    -0.789320
   58.753855,    36.272149,    -2.826946,     9.851519
   89.412635,    42.407945,     0.669442,    -2.569969
   87.626241,    67.597033,     0.670435,     0.867055
   56.350118,    74.601836,    -0.162893,    -3.602872
   64.025807,    78.233108,     1.574781,    -5.703506
   10.729240,    56.989662,     5.692659,     7.584222
   11.863894,     4.959667,    -1.151608,   -13.957488
   43.560196,    63.826079,    -1.857667,    -3.235040
   33.361304,     6.925799,     0.843563,    -1.698503
   12.974433,    28.531255,     8.248612,     4.596120
   70.347568,    54.101999,     7.433777,     0.396118
   97.627106,    89.938925,     2.581465,     3.550288
   15.102192,    27.981223,    -1.849744,    -0.743528
   63.843150,    97.382590,    -6.436270,     0.411544
   77.028465,    72.032143,     6.286729,     6.027315
   18.630323,    72.768180,     3.609595,    -5.544105
   28.268134,    57.644923,    -2.389103,    -3.296310
   35.955896,    19.448711,     1.491463,    -6.541010
    3.919746,    44.559710,    -4.495462,     1.047458
   53.217237,    15.812766,     4.392607,    -5.760931
   75.000684,    78.967179,    12.542026,    -1.248273
   45.421626,    83.926830,     2.438717,     4.128151
   93.314725,    85.123023,    -2.869911,     0.398307
   49.917395,     6.844364,     4.069126,     2.708727
   62.122903,    26.020325,    -1.111162,    -3.256227
   67.784541,     6.352034,     7.349537,    -7.033459
   35.803119,    32.047183,     6.889574,     5.592804
   33.277447,    26.064106,    -2.207313,     4.973617
   70.850900,    97.954386,     5.353636,    11.122387
   10.057747,     3.844964,     4.208665,    -6.225583
   48.168516,    92.298527,     0.592522,     6.098845
   46.211142,    85.888918,     2.032562,    -3.175386
    4.861716,    72.649994,     6.335626,    -5.585835
   33.147409,    97.322065,    -3.132654,     4.778631
   17.012744,    45.740315,     1.780395,    -1.964103
   32.270563,    46.382547,     6.174927,    -1.239986
   42.615334,    87.052022,     7.142392,    -5.360982
   26.516762,    14.536089,     2.796001,    -5.786235
    2.107890,    53.238233,    -1.080757,     7.678800
    8.823981,    85.603069,   -13.203277,     3.012148
   26.569999,    45.660622,    -4.371433,     1.661105
   62.639188,    55.665668,     8.132309,    -3.305819
   70.895349,    58.518355,     1.742049,    -1.958674
   14.145638,    88.186633,    -2.814759,     9.529464
   29.759800,    57.474874,     0.065795,    -4.816633
   14.629427,    59.225445,    -0.898475,     6.164593
   71.242116,    73.616323,     2.993635,    -9.093697
   88.663705,    70.230649,    12.492259,    -1.380870
   43.856639,    92.474296,    -2.067500,     9.201559
   43.849969,    30.041322,    -4.415516,     5.963905
    4.491816,    46.280626,    -0.438956,     2.111647
   81.610814,    68.837171,    -9.803925,    -0.850879
   95.326883,    85.778987,     4.653498,     2.241617
   94.051329,    54.939594,     3.006511,   -10.699361
   66.853940,    59.555555,    -8.902575,     0.985874
   62.952464,    78.605584,     6.684329,    11.234929
   98.009880,    95.706576,    -0.600784,     0.661658
   78.019980,    27.933778,     5.935683,     0.000581
   53.609880,     3.777207,     8.494470,     8.088486
   39.131252,    10.145111,    -3.522047,     6.352300
   41.408139,    55.460619,    -4.806793,     4.366408
   27.998077,    49.784321,    -6.354398,     2.779412
   60.756083,    12.426889,    -1.657560,     1.204342
   78.641540,    93.573193,    -3.166836,     5.311849
   86.427214,    22.077117,     3.601775,     4.621246
   26.025874,    29.113149,    -0.876858,     0.975771
   91.431786,     8.452148,     0.828291,     3.101594
   52.353573,    10.943560,    -2.895966,    -3.370850
   44.452983,     2.620788,    -1.922111,     4.834696
   95.361842,    85.667050,    -0.700199,     1.556570
   63.943297,    66.828373,    -4.714851,     4.581178
    1.980967,    96.405880,     0.327268,     0.962710
   88.638048,    88.382427,     0.098632,    -0.664901
   59.425976,    62.994626,    -1.612460,    -4.073455
   41.209165,    18.690022,    11.258451,     1.800937
   69.556556,    90.077584,    -4.621710,     1.712922
   55.237572,    70.075176,    -1.920714,    -6.751853
   76.591735,    86.471303,     1.404932,    -3.467002
   79.976010,    73.144040,    -5.299830,    -5.120096
   80.646047,    12.904516,    -1.456644,    -1.109611
   71.346556,    37.400976,    -1.517963,     3.882106
   43.099716,    89.276752,    -0.691224,     4.785662
   69.813110,    53.299110,    -4.242264,   -10.124072
   39.854134,    61.726984,     1.086548,     2.194808
   46.806861,    71.126993,    -1.399384,    -3.492751
    4.568765,    91.979126,    -0.688166,    11.931411
   68.293927,    45.102275,    11.410434,    -0.581147
   23.965148,    31.957377,    -3.043057,    -1.765907
   26.539880,    18.342579,    -3.030513,     7.859170
   73.386463,    59.006402,    -2.155546,   -10.692190
   23.474914,    85.154014,     7.864062,    -3.407560
   55.146014,    78.000984,     1.531694,     0.903989
    7.126696,     4.437542,    -4.545279,     5.794670
   13.596722,    65.883730,    -7.718982,     4.791070
   30.013093,     4.415738,    -4.547295,    -0.639666
   74.097395,    44.924686,     7.139490,     4.638905
   94.785037,    82.244885,    -4.128459,    -0.893424
   94.904083,    38.672314,    11.377125,     0.116578
   44.336130,    26.074887,     5.861179,     0.174827
   92.216526,    79.660006,    -0.611993,    -4.457873
   85.317338,    38.028069,    -2.154902,    -1.475012
   35.431175,    86.930013,   -10.310068,     2.844078
   97.999321,    93.241072,     3.404350,    -3.445611
   58.652311,    45.306779,    -0.482553,    -5.545048
   92.110132,    89.251984,    -2.958132,    -0.042833
   87.096684,    56.264116,     4.120596,     4.633025
   16.113546,     8.741042,    -0.328124,    -5.560426
   78.148254,     6.545700,    -4.220386,    -4.574232
   79.649505,    33.520807,     2.276427,     4.474204
   33.148799,    30.756093,     2.324828,    -7.549063
   31.655153,    24.875638,    -3.411678,    -3.784587
    8.972834,    44.792653,    -6.912708,    -3.915367
   56.339077,    72.047272,   -10.268304,    -1.344589
   18.876419,    88.405548,     0.502372,     2.408729
   92.618325,    30.394884,     5.102701,    -4.427769
   38.850397,    83.574435,     5.174661,     3.840164
   51.402568,    42.757224,    -4.484362,    -4.503195
   26.858438,    43.216452,     7.403557,     9.433501
    5.339053,    35.242837,    -6.133221,     2.411438
   60.544190,    11.155531,     4.920831,    -2.732014
   13.738268,    65.989100,     6.118286,     7.067859
   75.021950,    97.524041,     0.569018,    -1.501086
   56.782650,    39.910068,     3.292402,    -0.040581
   11.030235,    68.809037,    -0.917592,   -10.362894
   25.689085,    39.296579,     6.014357,     2.631773
   20.612385,    51.475964,    -1.906561,    -1.619960
   71.052856,    19.679513,    -5.360126,     6.676308
   71.553064,    75.654605,     6.254519,    -5.231587
   81.790682,    92.468839,     2.663892,    -5.189820
    5.180681,    43.926690,     7.923556,     3.507971
   56.335349,    57.575277,     5.508264,    -2.780722
   81.302783,    66.324660,    -8.189508,     1.683892
   61.577611,    48.376278,     7.408291,     2.542805
