x-position, y-position, x-velocity, y-velocity
   98.725878,    37.144865,    -1.224329,    -0.989117
   75.013010,     6.315917,     2.753994,     7.839082
   85.750496,    85.706519,    -1.315167,     6.339813
   71.878037,    63.277365,    -3.714359,   -11.658423
   80.147198,    89.890462,     2.228048,     1.627841
   36.573788,    88.010339,    -2.381433,    -6.058354
   52.055189,    26.383344,     6.320250,    -1.647158
   42.951200,    39.406231,     3.578447,    -4.653956
   53.119098,    77.678333,    -1.140830,     3.147455
   91.857004,     9.286119,     1.272929,     5.460470
   10.925953,    98.464260,    -5.348774,    -5.325928
   10.155025,    23.701407,   -12.976985,    -6.413561
   77.898345,    88.823080,     6.798187,     3.985325
   53.266160,    96.194905,     2.542686,     4.623308
   79.411701,    86.458138,     6.974776,    -1.104701
   70.272163,    41.432207,    -6.221770,    -8.901841
   26.943776,    74.973174,     5.418644,     9.281342
   26.174799,    70.367566,    -2.655456,    -3.122339
   60.402117,    91.698980,    -0.225525,    -3.142641
   38.902540,    46.494519,     6.626299,    -5.392278
   92.694324,    71.718080,    -6.968337,     3.270669
   70.652852,    82.176146,     8.443872,    -1.300084
   89.776988,    29.698851,    -0.279039,     1.747429
   93.723539,    48.344115,   -11.728957,    -2.848512
   63.291941,    10.801416,     6.454344,    -4.257436
   68.727535,    67.816721,    -1.381017,     3.568895
   56.154641,     9.980288,     3.045739,     8.011460
   57.116448,    77.835117,     7.771082,    -2.654183
   27.080101,    22.670913,    -6.292688,     3.077373
   92.634831,    73.680203,     4.719674,     7.047902
   85.642432,     3.205666,    -2.928231,     2.188540
   91.102626,    76.214748,     2.135075,     3.626629
   83.520316,    69.767450,    -4.709770,    -3.803688
   61.611295,    72.181378,    -3.260221,    -6.500201
   26.298104,    60.123723,    -2.918374,    -5.462332
   84.797804,    76.854636,     3.533271,    -3.564995
   80.018847,    50.102797,     0.591114,    -9.986303
   85.838100,    28.012326,    -2.089555,     3.724465
   39.922455,    70.261910,     3.203459,     6.684441
   60.906578,    89.097519,     3.510690,     0.501054
   52.833375,    26.583689,     4.415848,    -0.229615
   88.509436,    22.354554,    -1.307666,    -1.413667
   96.713332,    89.195937,     3.163065,    -1.582225
   39.267011,    66.076044,    -3.641001,     7.823785
   80.468287,     3.601754,     0.643419,     1.385545
   87.722414,    69.615770,     0.675647,    -3.562502
   48.241007,    53.993023,    -3.277379,     6.301616
   97.263740,    79.060509,     2.612632,    -3.973339
   34.010485,    15.690305,    -7.245125,     0.861285
   74.740578,    55.825251,     1.421715,     0.718944
   73.062547,    88.223587,    11.981807,     9.222278
   47.149904,    37.432545,     9.286537,     3.512630
   30.923273,    72.992066,     2.629767,     3.554985
   92.477692,    88.800538,    -3.353426,    -0.521824
   41.439283,     4.949914,    -4.470155,    -3.633603
   64.682702,    67.490086,     1.129292,     3.199354
   49.057361,    96.038884,    -6.526443,     3.982037
   71.798542,    84.210025,    -2.436362,     0.028964
   22.573755,    30.955709,    -3.880199,    -0.456810
   71.580798,    79.989422,     0.496056,     0.941147
   75.079882,    71.751087,     3.447345,    -2.304835
   93.353222,     2.092244,     3.159855,    -3.423190
   83.049183,    91.616328,     2.670363,     6.668479
   66.922421,    73.097405,    -5.818280,    -6.906757
   86.009585,    94.043776,    -1.443239,    -4.757989
   41.178443,    78.509113,     0.312190,    -2.829164
   76.745805,    46.451536,     2.178061,    -5.332572
   59.791097,    47.552918,     2.768524,    10.310264
   89.474639,    39.107459,    -5.561214,    -6.944856
   88.031158,    68.188546,     1.193685,     0.576583
   56.244938,    71.306161,    -2.718906,    -5.212307
   63.719052,    84.279323,    -0.382674,     7.741332
   17.303868,    64.441948,     9.035421,     0.920478
    9.019732,     8.418515,    -2.729001,     8.090995
   44.156253,    64.154510,    -1.725977,     1.970362
   34.289223,     5.057446,     0.843563,    -1.698503
   13.540325,    27.750196,    -0.768255,     2.987608
   74.795414,    52.519542,     3.814887,     0.335970
   95.634817,    92.820906,    -0.512068,     0.858899
   19.573708,    33.351627,     2.424877,    11.533353
   56.763253,    97.835288,    -5.457390,    -1.675306
   77.319288,    69.013731,    -3.346491,    -5.763618
   19.176555,    69.181906,    -5.797766,     0.545687
   25.640120,    54.018981,    -2.389103,    -3.296310
   36.769027,    14.948493,    -0.726161,    -0.545533
    2.320258,    45.170779,     0.810422,    -3.657000
   57.270822,    13.672455,     1.182253,     7.291553
   88.570735,    75.891864,     7.088630,   -13.193430
   46.919072,    82.032816,     0.194165,    -4.010614
   90.059758,    86.394917,    -3.862269,    -1.628969
   49.366370,    10.610441,    -2.007540,     3.827273
   60.900625,    22.438476,    -1.111162,    -3.256227
   72.110065,     3.020939,    -2.634305,     9.456497
   36.557144,    35.765382,     0.065067,     3.158918
   38.040953,    25.891147,     6.973338,    -2.163881
   72.407391,    88.671288,    -7.288582,    -9.144875
   18.819168,     3.797172,    10.895051,    -1.268884
   47.688141,    96.386397,    -3.407709,    -2.593487
   50.206869,    81.716537,     4.916799,    -4.339778
   11.830905,    66.505575,     3.481782,    -7.383531
   29.701490,    93.977023,    -3.132654,    -4.778631
   18.971178,    43.579802,     1.780395,    -1.964103
   32.956281,    44.194468,     3.513468,    -5.057979
   49.897200,    88.269378,     6.502707,     3.942175
   29.592363,     8.171231,     2.796001,    -5.786235
    3.080571,    61.684914,    11.533635,     8.701264
    7.503653,    88.916432,    13.203277,     3.012148
   21.761423,    47.487837,    -4.371433,     1.661105
   69.540210,    54.502181,     1.317253,     4.937228
   77.009077,    53.147803,    13.765407,    -1.483051
   12.338958,    97.891662,     0.664323,     7.432172
   29.832175,    52.176577,     0.065795,    -4.816633
   13.712679,    63.518256,     0.644943,     3.448134
   73.326372,    65.684668,     1.485045,    -3.288191
   98.426918,    62.871254,    -8.441461,    -8.458218
   41.702388,    95.331461,     5.600662,    -3.022430
   40.955631,    20.735343,    -2.452787,    -9.902370
    2.179537,    48.619003,    -4.045079,     7.036053
   74.481772,    63.239841,    -6.156155,    -7.908306
   95.873221,    87.412001,    -0.893611,     3.815032
   85.537106,    56.304086,   -10.128361,     3.893739
   57.959818,    60.500920,    -5.764972,     2.863945
   66.075315,    87.253149,    -7.723490,    -0.890464
   96.879108,    96.650893,    -5.299878,     2.826582
   84.758566,    28.506755,     7.540590,     5.082930
   60.315831,     7.244559,     2.860429,    -5.188611
   39.379192,    14.195045,     6.617656,    -0.621087
   36.532392,    59.972190,    -6.231067,     4.218531
   21.431770,    52.382149,    -2.119094,    -1.815845
   60.147056,    13.208256,     3.060578,    -1.990550
   77.983529,    96.590915,    -1.134104,     0.025265
   85.026702,    27.932849,    -4.489352,     4.516358
   27.174469,    29.269039,    -1.112691,    -4.843494
   94.092522,    11.534106,     6.962724,     1.945278
   55.860470,     9.923349,     3.043077,    -4.204275
   50.655702,     5.436421,     9.959375,     1.259650
   94.390850,    87.028528,    -0.890106,     0.240658
   58.789942,    70.309458,    -5.474429,     5.638357
    4.646564,    92.475810,     5.796778,   -10.456661
   87.017930,    88.248001,     2.764052,    -1.401190
   56.753560,    58.652921,    -4.750063,    -5.951526
   53.593460,    20.671053,    11.258451,     1.800937
   64.472675,    91.961798,    -4.621710,     1.712922
   53.124787,    62.648137,    -1.920714,    -6.751853
   79.758438,    87.959481,    -2.219553,    -0.858858
   81.107183,    71.916793,     6.636531,     1.444872
   79.043739,    11.683944,    -1.456644,    -1.109611
   73.159841,    31.209903,     1.965081,    -6.579283
   42.219371,    94.444283,    -8.359387,    -1.393468
   66.942399,    43.111164,     5.655520,     2.142742
   37.387511,    62.053146,    -4.164079,    -1.823896
   44.472670,    67.429646,     2.252843,    -5.927900
    4.275467,    98.197217,    -0.619103,    -0.733740
   72.324764,    43.641045,     3.222277,    -1.637316
   22.131622,    33.670005,    -1.432190,     1.491356
   23.206316,    26.987666,    -3.030513,     7.859170
   70.539483,    58.856729,    -5.137047,     3.161386
   32.125382,    81.405698,     7.864062,    -3.407560
   57.042577,    76.305878,     2.429973,    -3.879143
    2.126888,    10.811679,    -4.545279,     5.794670
    2.786339,    64.692924,     2.095228,    -2.692376
   25.011069,     3.712106,    -4.547295,    -0.639666
   80.883467,    46.937995,     8.909720,    -2.249502
   91.636815,    80.780193,    -3.731694,     0.933817
   89.934750,    39.886141,    -4.983294,     5.480581
   51.148551,    23.967661,     6.360293,    -3.468478
   91.989990,    79.934101,     1.094172,    -0.718890
   83.141966,    38.342938,    -1.517601,     4.856116
   24.090101,    90.058499,   -10.310068,     2.844078
   97.093995,    90.589055,    -2.640596,     1.659988
   57.256527,    39.381532,    -3.702791,    -2.821385
   90.911668,    89.969861,    -1.147903,    -0.731604
   91.629339,    61.360443,     4.120596,     4.633025
   13.198113,     9.305054,    -5.437117,     7.800534
   74.848138,     2.709510,     1.896868,    -2.401344
   81.958555,    36.505049,     1.639126,    -1.856925
   30.737448,    31.368496,     1.539593,     9.580769
   35.749205,    23.663414,     7.200502,     0.854905
    4.893338,    47.621168,     0.024475,     2.474535
   45.838811,    70.423544,    -9.222495,     0.636674
   19.429029,    91.055150,     0.502372,     2.408729
   98.231296,    25.524338,    -5.102701,    -4.427769
   44.542524,    87.798616,     5.174661,     3.840164
   46.574017,    37.994736,    -3.099084,     8.698591
   35.002351,    53.593303,     7.403557,     9.433501
    4.725731,    37.895419,     6.133221,     2.411438
   65.957104,     8.150315,     8.420140,     0.785857
   16.735334,    66.533048,     5.078867,     3.635106
   76.464467,    98.355501,     4.274468,    -2.185359
   57.122386,    39.247025,     0.917170,    -3.222990
   18.198781,    74.480134,     7.260305,     6.707386
   31.935532,    42.311650,    -2.117596,     5.276476
   18.091637,    50.153533,    -6.141866,     2.975296
   65.156718,    27.023452,    -5.360126,     6.676308
   76.280936,    79.169245,     3.180093,     8.010392
   84.994244,    88.290988,    -1.269369,    -1.959106
   14.250571,    41.175608,     8.277535,    -3.101879
   62.394440,    54.516482,     5.508264,    -2.780722
   76.143033,    54.721386,    -8.450539,   -12.423092
   68.799688,    49.726696,     9.070352,    -2.530278
