x-position, y-position, x-velocity, y-velocity
   99.758399,    37.756936,     0.000000,     0.000000
   57.104463,    32.727598,    -0.455645,     0.152658
   96.625622,    71.781460,     0.000000,     0.000000
   75.044841,    73.241070,     0.000000,     0.000000
   49.893596,    85.152118,     4.937478,     1.532239
   48.980046,    83.661635,    -6.871887,    -1.268661
    8.301672,    95.412773,     0.000000,     0.000000
    1.530168,    31.533506,     0.000000,     0.000000
   32.493248,    51.912009,     3.373371,    -5.171484
   34.882138,    24.111438,     0.000000,     0.000000
   20.311319,    85.102022,   -12.076540,     4.587606
   14.182881,    26.555114,     0.000000,     0.000000
   90.151927,    84.134620,     0.000000,     0.000000
   40.745231,    52.222104,    -4.630002,   -24.059678
   37.387082,    67.640096,    -3.909819,    10.163057
   66.730615,    50.792268,    -4.504901,     3.689359
    2.594722,    29.199396,     0.000000,     0.000000
   65.434629,    24.320359,     0.000000,     0.000000
   64.994474,    65.486613,     0.000000,     0.000000
   39.444825,    53.484829,     1.646299,    -7.893658
   83.269402,    54.960345,    -4.387872,    15.483787
   52.670435,    71.556740,     3.300704,    -3.164400
   45.408500,    58.413113,    14.255605,    -6.393846
   95.367744,    24.571671,    -2.193005,     1.409417
   64.546699,    48.719700,    -0.265533,     1.090811
   67.748870,    56.565394,    -0.226918,     0.227808
   46.231349,    13.025382,     0.000000,     0.000000
   33.671497,    97.868469,     0.000000,     0.000000
   10.937910,    38.937429,     0.000000,     0.000000
   75.789877,    72.349177,     0.000000,     0.000000
   76.420653,    40.350324,   -18.981566,    -0.135046
   72.185743,    91.078276,     0.000000,     0.000000
   89.836126,    54.825036,     0.000000,     0.000000
   66.164683,    96.007864,     0.000000,     0.000000
   15.920967,    93.017817,     0.000000,     0.000000
   61.619176,    63.698764,     0.000000,     0.000000
   97.444507,    27.004532,    -3.885806,    -6.690295
   99.922941,    18.099456,    -4.617270,     1.923393
   11.095624,    87.512997,   -10.613841,     6.129868
   55.864435,    62.405795,     7.368760,     3.707676
   66.245704,    70.883396,     0.000000,     0.000000
   71.176737,     7.054062,    -3.582384,    -3.405437
   97.798250,    79.998144,     0.000000,     0.000000
   87.269746,    37.314082,    -3.775827,    -2.995382
   66.134544,    11.885970,     0.000000,     0.000000
   73.156992,    75.615105,     0.000000,     0.000000
   40.843071,     3.949921,     0.000000,     0.000000
   92.934139,    70.365418,     0.000000,     0.000000
   15.635684,    52.995133,     0.000000,     0.000000
   67.778401,    75.503423,     0.000000,     0.000000
   77.191817,    65.120111,     0.000000,     0.000000
   26.297787,    82.793386,    -7.825914,    -6.960182
   10.829520,    82.716359,    -2.348498,    -4.066415
   61.822549,    95.760864,     0.000000,     0.000000
   80.662126,    22.426021,    -8.969210,    -4.766465
   94.762371,    58.369787,     0.000000,     0.000000
   73.381737,    99.085290,     0.000000,     0.000000
   54.244269,    94.319913,    -2.465297,     8.232629
   38.105372,    18.305741,     0.000000,     0.000000
   48.937076,    63.263963,     6.957480,     9.433123
   55.737401,    30.853523,     0.006627,    -0.309743
   99.794009,     3.479114,     0.000000,     0.000000
   99.049080,    91.757229,     0.000000,     0.000000
   74.884656,    69.191851,     0.000000,     0.000000
   95.422147,    75.919022,     0.000000,     0.000000
   10.234194,    93.340076,     0.000000,     0.000000
   87.429297,     8.124911,    10.585348,     1.291484
   75.424400,    50.396045,     0.000000,     0.000000
   86.472746,    22.099350,    12.584777,     8.813202
   67.932110,    19.734080,   -26.486791,    12.690787
   81.567157,    69.147838,     0.000000,     0.000000
   72.989017,    37.419937,     0.195096,    -1.052182
   13.456599,    70.230976,     2.627507,    -3.070616
   49.517789,    79.086014,     4.440098,    -3.578663
   21.148385,    88.094863,   -12.286929,   -20.637617
   14.615660,     9.690718,     0.000000,     0.000000
   59.152125,     5.847335,     0.000000,     0.000000
   53.021230,    78.763113,    -0.910813,     0.573240
   88.701956,    68.396890,     0.000000,     0.000000
   31.077207,    31.845426,     0.000000,     0.000000
   65.741124,    53.214286,     1.860658,     1.793695
   69.514311,    51.413312,     5.666449,     0.731343
   44.067868,    42.425311,    -3.480527,    -1.851408
   19.381929,    68.398305,    -3.353912,     1.231619
    8.579391,    30.435197,     0.000000,     0.000000
   11.023717,    30.195058,     0.000000,     0.000000
   55.377308,     8.304660,     0.000000,     0.000000
   38.182910,    97.519628,     0.000000,     0.000000
    2.499801,    73.088101,     0.000000,     0.000000
   79.498629,    76.050948,     0.000000,     0.000000
   60.479211,    32.460885,    -3.881933,    -0.453739
   78.719152,    26.068532,     8.430130,    14.197545
   93.975102,    25.381801,    -4.864371,    -6.636451
    7.500536,    70.241209,     0.361591,     0.007459
   32.527802,    93.841035,     0.000000,     0.000000
   60.085165,    99.226059,     0.000000,     0.000000
    5.767137,    23.257102,     0.000000,     0.000000
   12.306372,    94.781116,     0.000000,     0.000000
   25.133280,    83.876726,     6.442559,     3.296711
   20.591367,    82.460483,    11.392146,     4.027964
    8.260838,    55.889957,     0.000000,     0.000000
   25.429271,    43.895268,     5.221177,     2.715314
   44.895042,    25.669000,     0.000000,     0.000000
   24.543064,    84.511372,    20.701131,   -19.188138
   57.132836,    15.427252,     0.000000,     0.000000
    3.406928,    44.024768,     0.000000,     0.000000
   42.587517,    46.282831,    -0.053126,     0.006461
   40.387449,    31.628673,     0.000000,     0.000000
   97.681957,    48.611536,     0.000000,     0.000000
   69.567898,    69.284525,     0.000000,     0.000000
    1.489393,    81.269088,     0.000000,     0.000000
   13.862182,    39.824277,     0.000000,     0.000000
    5.630949,    30.021725,     0.000000,     0.000000
   85.576829,    57.949721,    14.388328,    -0.721070
   68.170393,    72.808839,     0.000000,     0.000000
   58.613131,    15.134560,     0.000000,     0.000000
   78.496032,    34.926286,     9.753932,     1.808582
   12.488232,    16.878590,     0.000000,     0.000000
   85.050886,    55.139929,    -3.430953,    -0.500467
   83.664601,    72.609205,     0.000000,     0.000000
   74.907103,    23.589849,     0.000000,     0.000000
   80.270880,    24.722538,    -2.922573,    -6.832016
   53.355061,    97.289341,     6.446779,     1.930516
   66.882982,    99.363566,     0.000000,     0.000000
   67.497167,     6.049856,    -4.496733,    -2.356457
   41.649822,    25.837185,     0.000000,     0.000000
   36.216438,    22.369049,     0.000000,     0.000000
   64.557748,    37.177733,    -1.677698,    10.935654
   48.984838,    82.275215,    -0.447123,    -0.210484
   46.799918,     5.423553,     0.000000,     0.000000
   76.209479,    86.528195,     0.000000,     0.000000
   78.650463,    11.216292,     6.236139,    11.900176
   26.538615,    43.304417,    -0.369947,     0.200756
   93.134136,    17.342337,    -1.764684,     2.586839
   46.154255,    12.789662,     0.000000,     0.000000
   77.076418,    26.994464,   -24.717171,     8.389075
   90.975957,    61.710463,     0.000000,     0.000000
   69.792790,    66.702666,     0.000000,     0.000000
   21.807452,    90.605910,    -4.609552,     4.554098
   85.640501,    75.614258,     0.000000,     0.000000
   74.695272,    63.357181,     0.000000,     0.000000
   30.810193,    22.877812,     0.000000,     0.000000
   65.238737,    49.380610,    -2.809940,     0.168440
   62.252690,    61.887017,     0.000000,     0.000000
   96.789788,    98.778218,     0.000000,     0.000000
   99.033691,    56.359574,     0.000000,     0.000000
   34.462645,    37.717522,     0.000000,     0.000000
   94.279769,    27.945664,    -7.495437,    -0.921521
   34.568261,    74.797083,     0.000000,     0.000000
   93.163409,    57.403755,     0.000000,     0.000000
   48.800352,    43.321673,    -5.007489,    -2.450522
   54.808974,    63.684646,     2.696224,    -5.358566
   17.688701,    69.051422,    -0.981467,     0.612003
   38.421416,    17.868661,     0.000000,     0.000000
   18.346842,    28.033545,     0.000000,     0.000000
   36.328968,    44.635486,     0.000000,     0.000000
   69.852169,    49.159710,     3.257999,     1.619891
   44.168081,    53.734181,    -4.778095,     8.047138
   54.291254,    70.108579,    10.550079,    -0.192698
   32.308934,    30.589982,     0.000000,     0.000000
   27.619111,    21.317515,     0.000000,     0.000000
   20.792203,    20.036143,     0.000000,     0.000000
   42.139995,    42.165780,    -0.246775,     0.566392
   97.950988,    69.373880,     0.000000,     0.000000
   54.777947,    14.914990,     0.000000,     0.000000
   13.822309,    15.230385,     0.000000,     0.000000
   80.669425,    66.583894,     0.000000,     0.000000
   84.772685,    58.718250,     0.364037,     7.264050
   71.194251,    77.720101,     0.000000,     0.000000
   55.544841,    80.146007,     8.458627,     6.132930
   66.720246,    76.770056,     0.000000,     0.000000
   90.173187,    87.774561,     0.000000,     0.000000
   98.070897,    15.937250,     0.542653,     0.963407
   12.327606,    34.117049,     0.000000,     0.000000
   86.800091,    64.864272,     0.000000,     0.000000
   63.604439,    14.030196,     0.000000,     0.000000
   17.641412,    43.302501,   -12.759142,   -18.826040
   30.939049,    50.179443,     1.273115,     4.127366
    3.102330,    27.309506,     0.000000,     0.000000
   23.420111,    44.741486,     7.065183,   -11.278325
   31.018008,    48.686835,    -2.083150,   -10.716467
   81.155109,    50.978595,     0.000000,     0.000000
   57.798131,    96.215619,     0.000000,     0.000000
   82.786576,    56.055981,    -7.106281,     2.753693
   29.359032,    19.773252,     0.000000,     0.000000
   16.890963,    20.910772,     0.000000,     0.000000
   33.761487,    25.625025,     0.000000,     0.000000
   20.084834,    95.383401,   -15.892420,    -3.374513
   56.425093,    80.308732,     3.094856,     4.714936
   55.798511,    27.997344,     0.406082,     0.008688
    3.139869,    50.198123,     0.000000,     0.000000
   15.726058,    40.476407,    -0.306243,     0.207553
   17.904331,    57.156410,    -0.237273,    -0.581188
   61.807163,     9.441597,     0.000000,     0.000000
   41.222807,    73.963211,     0.000000,     0.000000
   90.251300,    86.424054,     0.000000,     0.000000
   68.751431,    31.863903,   -25.422541,     1.189303
   20.160990,    76.590581,     4.569530,     8.551175
   93.758979,    64.546441,     0.000000,     0.000000
   14.411824,     9.464066,     0.000000,     0.000000
