x-position, y-position, x-velocity, y-velocity
    5.849275,     4.941996,   -21.118567,    52.424955
   56.525552,    81.289215,    -3.869051,     4.653818
   91.644003,    57.705944,   -10.757557,    -8.489277
   89.487462,    89.651787,   -10.291492,     3.120891
   45.841437,    96.414600,     6.308112,     0.212804
   18.412295,    69.552563,   -17.986193,     9.920501
    3.836988,    30.489842,  -159.375766,    31.988306
   27.429522,    97.599105,    20.663791,   -21.233783
   50.941445,    93.020391,   -22.858896,     9.519741
   45.883651,    61.088643,   -12.373096,   -35.455480
   20.970973,    26.022096,    -0.505504,   -15.991061
   16.967820,    39.697552,    -3.338139,     4.833685
   87.830071,    88.255902,    -1.760525,     7.771577
   28.288494,    76.231344,   134.098298,    12.741764
    2.361962,    41.423282,     4.536850,     7.298391
  103.493191,    71.966496,  -117.144991,    72.809498
   41.039694,    65.512426,   -29.791509,    14.143820
   19.259458,    63.134540,    67.674291,     3.976879
   42.261742,    81.220231,   101.501878,    28.018859
   81.890062,    94.706304,    26.915184,   -33.042023
   40.910109,    73.285764,   -62.031023,   -36.457063
   42.687057,    47.521339,   -79.510688,    45.333418
   10.497321,    62.767279,     4.805103,    13.033516
    6.778009,    35.746707,     3.015016,    16.031530
   71.055160,    13.784027,     1.515167,     7.982676
   10.452524,    80.827162,    11.419783,    81.047944
    1.953090,    60.385615,    30.289659,    26.460164
   27.343384,    10.647884,    24.349241,    26.270070
   30.214446,    14.632545,   -84.841309,  -124.516089
   45.449776,    52.291728,    -8.432430,    -2.988879
   39.147737,    19.416512,    -6.852771,     5.012877
   45.899557,    33.102818,   -82.496168,  -165.990414
   42.000796,    57.443074,    21.349047,   -12.184713
   45.466605,    18.272109,   -21.199759,   -12.414657
    9.237328,    66.431039,    13.129339,    13.009157
   41.200937,    96.721068,    14.610827,    -4.659266
   90.810377,    37.358962,    -3.208434,    -0.895272
   93.901674,    19.828128,     3.083452,    65.677965
   42.046795,    87.934378,    34.435922,   -19.839029
   -7.462234,    72.254110,   164.222987,    20.945996
   50.583491,    36.879817,    10.866845,   -21.134620
   51.068394,    93.927246,    45.877469,   154.212094
   48.838518,    32.273858,     0.991932,   -17.203406
    7.426139,    40.968008,   -75.496704,   -79.088427
   97.998298,    49.723963,    -2.669144,    22.793554
   12.878875,    51.499746,    92.627586,   157.571473
   54.233760,    17.161489,    -6.684287,    10.766405
   70.915363,    35.276650,     3.681962,   -56.639879
   13.754837,    47.187057,    21.757645,   -17.556962
   56.359766,    76.442982,     9.599251,    -1.443503
   67.501679,    60.135916,     4.062680,     8.052992
   84.291717,    56.210342,   -20.372317,   -17.702717
    4.594045,    75.452119,    -7.522879,     7.874363
   90.144274,    37.014057,    -5.267378,   -20.316198
   35.723577,    36.408065,   -35.295645,     1.914698
   57.396006,    58.716859,   -11.360209,     1.596491
   97.112022,   103.241307,    52.061768,   -88.371535
   69.987567,    36.444748,    44.315267,   -11.334190
   19.302234,    42.411580,    -0.619198,     7.810865
   33.223807,    71.213741,   -19.960902,    10.744458
   13.544905,    78.600310,    16.970453,   -57.588609
   96.074458,    12.764140,    -6.225023,    -0.538452
   96.083564,    62.552994,    16.436064,   -19.489546
   85.550685,    96.334097,    -0.083288,    -6.349627
   77.590287,    58.667174,    91.902449,   -35.972005
   54.323341,    74.619724,    20.313811,   -32.611829
   49.714693,    32.374730,    14.662343,     6.965067
   78.434394,    62.535022,     0.771004,     3.821395
   28.362221,    74.109788,    -7.253165,     3.489043
   86.607180,    36.209866,  -150.552015,     2.551116
   84.176063,    30.549146,   -67.639495,    36.110752
   54.758114,    81.694155,     0.322788,   -16.924420
    8.427176,    23.105203,    22.183638,   -23.301754
   64.325873,    33.351870,     5.788107,    30.956484
   11.800220,     2.511383,    36.539657,   -37.443826
   49.983510,    68.095311,   285.759546,   469.849584
    3.431102,    19.545332,    68.300177,    13.002764
   65.431122,    91.394432,    -6.585224,    -7.914234
   86.989742,    61.254089,   -17.351040,   -11.316214
   31.776956,    51.759583,   -87.635894,    95.620155
   49.891453,    48.777513,    21.375174,    -8.667952
   82.566033,    36.248382,     2.235197,    -1.857528
   24.622138,    35.002203,     9.254972,    72.901529
   30.595286,    29.384612,    -0.190506,    -4.065467
   74.078633,    38.021737,   -52.343593,    58.066483
   81.057948,     3.048046,   -28.193389,  -153.382556
   43.132179,    17.836750,   -14.786084,     9.250758
   60.105992,    88.709853,   -20.734682,   -32.902759
   23.802126,    84.020814,     5.824515,   -37.209993
   76.306366,    88.333070,    -2.386990,   -19.171835
   63.318388,    32.358029,    -6.315518,    -1.055246
   46.442315,    76.949494,    26.717806,    -5.064617
  105.552993,    21.431734,   -76.908916,    70.040666
   26.404675,    84.607485,    -0.971352,   -16.098452
   57.404959,    90.587007,    20.509998,    -2.326907
   87.682012,    97.518366,   -13.590377,    -4.122622
   48.934421,    92.449840,   124.155480,  -270.687530
   33.050652,    47.357960,     5.028436,   -14.054106
   17.654570,    35.104142,   -68.674612,   105.906192
   15.517494,    73.550806,    13.221715,    16.103254
   87.878135,    18.163077,    42.670292,   -40.207637
   13.406191,     4.840642,    15.655475,   -27.535736
   65.166935,    18.829767,     1.765182,     2.724914
   56.974284,    90.956764,    21.297734,    -2.218654
   32.175120,    82.329468,    39.022707,   121.382586
   48.744223,    39.038613,     6.840407,   -20.862829
    4.940503,    37.248061,   -87.269134,   -13.986386
   20.912472,    95.390374,    -0.032965,     0.454811
   80.189377,    40.960798,    -7.948334,    -0.791770
   26.879203,    76.109295,    16.285046,     0.868089
   58.639910,     0.740119,    39.479445,    70.898301
   76.504278,     4.046347,    -1.808331,     9.962514
   21.498011,    30.592559,   -21.045219,    75.337824
    7.657678,    32.297082,   -16.931042,    -1.086861
   28.312958,    25.273196,   -11.255243,    38.171893
    7.474384,    83.978775,   -35.230007,    22.732968
   57.389859,     9.385930,    25.671407,   -19.123598
   24.604928,    16.774262,    34.900668,    -1.090949
   26.017682,     6.969289,   -24.308446,     2.790933
   14.750619,    20.417233,   -36.183288,    50.271227
   74.659764,    26.820199,     9.928998,     3.268192
   83.193712,    11.612396,    -9.440379,    -6.604333
   28.491697,    69.256868,    32.049208,    17.070600
   55.898978,    53.074392,    -8.338173,   -22.042341
   23.168722,    25.147029,    35.259649,    38.971612
   28.339185,    36.765922,    20.504440,     6.521710
   80.765457,    15.880930,    -8.966956,   -20.295936
   85.579328,    82.902651,  -213.343000,  -196.427972
   63.666672,     1.888098,   -36.243033,    51.482242
   12.011306,     7.328364,    25.880063,    77.509098
   47.798256,    67.445968,   -11.704784,    19.104458
   87.518378,    36.143941,    80.811899,    18.428285
   93.733860,    36.351250,    10.176554,    38.341563
   80.611574,    39.009769,   -14.163894,    24.679668
   81.052232,     3.375726,     4.042551,     1.501868
   95.122828,    95.677510,   -19.177766,   -42.348084
   62.990635,    40.289266,    -0.741445,    -9.062820
   76.424448,    -0.646951,   -25.703690,    28.724180
   84.113006,    66.098401,   -18.150909,    -7.015267
   70.289556,     0.775848,   -17.664298,    20.007871
   77.875413,    63.905456,     2.883165,     6.486359
   62.096044,    92.754936,    40.658718,   -29.697655
   14.476982,     8.533477,    10.522284,    -8.410650
   57.227948,    54.827580,    25.080173,   -35.464803
   95.995856,    64.679121,    -3.631361,   -13.749580
   64.676278,    57.529896,     6.329473,    16.995629
   83.075613,     2.953081,   -33.668185,   -10.452084
   93.004038,    18.976918,     4.751274,   -27.025846
   16.359832,    71.621026,   -12.491147,     0.039349
   92.792548,    74.362707,    -6.247130,    -2.161461
   69.351122,    56.539071,    26.701494,    12.917133
   66.954643,    88.420009,   -20.790760,    -7.437971
   63.888691,    51.412777,    38.729726,    59.808412
   55.616509,    75.628181,   -13.225173,   -38.686055
    7.414556,    28.635009,    50.399410,    94.298083
   51.353974,     3.297646,     1.317868,    11.002193
    0.975491,    46.119438,    11.093811,     2.229678
   25.839927,    -3.436890,   -80.343738,    76.999358
   57.522104,    86.613332,    -0.027223,    -9.566366
   39.155635,    47.404507,    -0.842687,     6.103504
   45.934447,    45.537834,    26.374639,    32.097263
    3.662541,    64.664832,    91.624226,    60.710906
   21.878630,    12.416711,    36.359546,    27.483077
   97.765043,    86.626916,    -1.288940,    10.351900
   40.757764,    62.636335,    28.141855,    -3.006392
   13.134553,    15.745556,     8.586400,     1.197819
    2.629343,    64.714717,   -68.633250,    -3.723851
   47.891816,    30.279467,   -40.327219,   -20.347123
   28.257147,    23.922349,    -3.728287,     8.437202
   33.289528,    75.373525,    28.392303,   -10.000595
   79.351218,    19.642612,   -69.076179,  -137.204936
   57.549535,    65.280457,    13.553779,   -20.275607
   52.788568,    71.005892,    99.529519,    45.172673
   94.228005,    83.866696,     5.647841,     6.165795
   44.335246,    18.275117,   -19.222130,    -8.484962
   48.662504,     5.155210,    -6.176274,     2.310242
    3.942778,    95.494896,     1.306103,    82.344024
   50.379786,    22.259732,   -10.735917,    19.606410
    4.940268,    32.814415,    -0.666224,     1.888834
   59.556338,    83.099998,  -112.622961,    -1.492621
   33.634296,    70.501503,    17.330030,    -2.997473
   53.228963,     2.663919,   -13.921516,   -20.771964
   81.632878,    27.710341,   -33.765312,   -37.890654
   17.679991,    70.316300,   -22.644813,     8.109356
   95.367475,    20.163089,   200.717981,   125.214227
   72.305444,    37.480731,    -0.558460,    12.256907
   70.885803,    20.998923,   226.805385,   -10.119338
   11.660660,    74.901563,    18.007965,    77.229971
   16.754242,     6.909614,     6.063874,   -13.923499
   20.151057,     7.136832,   -19.619151,   -79.672913
   62.629065,    77.200755,   -24.515960,   -42.017951
   13.919617,    48.580852,  -965.414298, -2507.646370
   13.951801,    48.665563,   939.414743,  2498.632638
   40.304872,    30.351023,   -65.960471,    53.498958
   53.808378,    95.616739,    10.152705,    16.529219
   39.030088,    80.958228,    -6.927510,    11.005236
   93.659189,    39.201356,   -33.472151,     2.021876
   40.476362,    88.616688,    59.866331,   -57.343689
   97.022250,     7.705734,    24.870239,    41.490399
  111.074362,   -30.585703,  -308.198809,   483.268778
