x-position, y-position, x-velocity, y-velocity
   46.092810,    30.972869,     8.560446,    -5.525587
   13.813869,    50.011385,   -36.082349,    28.314885
  102.176972,    67.797777,   -52.173043,    24.040713
   69.381685,    53.923918,    29.862090,   -62.047157
   43.252353,    58.925411,   -30.043485,    81.439981
   91.152740,    88.214604,    36.330803,   -13.975730
   93.938219,    82.023928,   -40.347282,    -9.511102
   18.832095,    94.588031,    39.820973,   209.421096
   42.648711,    76.688497,     5.755666,    12.671126
   19.423254,    72.357543,    59.366643,     9.421650
   -9.347611,    56.631120,   606.729501,   223.501613
   62.812157,    66.952608,    21.754280,   -31.826546
   62.242084,    53.488154,    -2.082948,   -25.673421
   70.236460,    40.185434,    21.751167,   -40.189133
   79.004286,    99.092869,   157.900660,   -17.084448
   76.313682,    45.596495,   169.817347,  -127.447941
   36.229780,    65.135063,     4.179073,  -294.742980
   42.823546,    12.347635,     8.488984,   -66.543282
   35.528143,    30.412922,   -83.425517,   -13.388053
   12.756380,    92.684967,   -53.633082,   -31.133437
   63.166500,    81.170224,   -19.621734,   -27.398069
   47.796462,    83.387946,    46.349399,   -20.222186
   94.836690,    88.771081,   -32.027981,    16.975492
   81.547437,    16.008585,     8.204396,    28.490416
   95.588305,    28.328895,     1.430696,   -18.473892
   91.127310,   -15.977078,    -3.156122,   207.900642
   45.695392,     4.251632,    -2.299781,    31.962856
   88.962121,     4.954309,     1.232230,   -28.725216
   54.747667,    70.150214,   -32.738519,   -69.854157
   38.281189,    71.038057,   101.191946,   -87.919224
   69.935810,     5.080055,  -110.044641,   107.490725
   11.116253,    37.494451,    51.541066,    -9.219852
   15.044558,    76.741357,    26.380902,   -55.119008
   40.933284,     6.379544,   -56.933374,    17.931276
   21.766113,    64.541406,    18.597645,   -25.372793
   21.952115,    10.899647,    21.748335,    17.511453
   98.320085,    62.009166,   -42.656126,     8.860466
    6.209725,    65.598631,   -14.566492,   -14.735945
   37.608572,    23.280741,   -15.599370,    31.364741
   19.045339,    32.616268,   158.901034,    98.180446
   32.299289,    86.884577,   -70.012188,    74.528764
    3.177200,    32.122126,    39.409477,  -106.258048
   12.859854,    16.517153,    16.100584,    10.043143
   79.215920,   111.278202,   366.650849,  -178.455378
   75.353020,    94.263398,  -299.699120,    69.021139
   56.531079,     3.912020,     5.710736,    38.451828
   59.084659,    13.286410,   -99.857451,   239.072528
   80.462452,    21.830909,   -17.525916,    73.052300
   27.393834,     1.917322,   896.928024,   295.864057
   54.628992,    18.596175,     1.112198,   -11.732047
   68.480490,    44.990415,    32.009624,    46.504561
   85.782756,    24.944498,   -25.982031,    55.339118
   93.010825,    18.281439,  -296.622948,   186.075683
   67.133679,     5.544069,   -24.457229,   -61.522265
   39.878336,    64.425375,   -50.976185,     5.688433
   80.795258,    70.470265,   -12.691613,    23.962871
   46.335793,    53.202421,    -0.903065,   107.002689
   37.782063,    25.695054,    23.474909,   -34.395041
    9.411049,     2.868846,    27.172789,    43.860040
   25.567981,    49.555653,     8.137842,  -114.014341
   71.119029,    61.523573,     5.432062,   -12.680033
   41.247762,    15.497898,    21.555052,    49.888863
   23.940845,    72.503961,   -47.761377,    24.338652
   96.533108,    -9.462672,   305.519446,   259.061416
   48.040320,     2.403761,   -33.893509,    43.955081
   87.885584,   100.693879,     9.517206,   -42.170723
   18.625954,    41.902823,    75.666759,    95.993013
    0.050646,    16.178809,   144.274707,   -80.899405
   55.752792,    91.326903,    32.355989,    41.404572
   96.197308,    54.168707,    67.521392,   157.726628
   83.756509,    23.927974,     1.229358,   -47.858942
   68.377885,    96.120042,    13.444262,    -6.615815
   90.084659,    82.581539,    13.524394,    15.555651
   62.873162,    60.386494,  -180.095345,   -10.547739
   10.805538,    13.702134,   -30.405910,    19.311394
  108.725298,    87.780466,  -137.625483,   149.194165
   44.824186,    82.305194,    40.790839,   -81.456364
  108.561648,    34.090190,  -169.570677,   -55.120679
   68.941746,     8.705184,  -312.280747,    -8.601078
   51.626244,    70.034331,     4.325991,   -32.787147
   40.858799,     8.739811,    34.690306,   -15.067649
   62.259543,    55.256776,   -73.921352,   367.149912
   79.393984,    56.559103,    25.136580,    20.196933
   52.056368,    42.354811,     5.123349,   -10.070741
   85.720288,     3.507723,     0.181097,    53.684934
   68.948440,    42.458252,   -20.164863,    -0.300964
   67.009043,    49.308768,  -394.760792,  -138.769153
   90.940135,    78.752291,     3.736753,   -28.284000
   74.180382,    95.299392,    73.485671,   -57.171342
   48.774244,    99.008001,    33.280194,  -277.091442
   94.759797,    37.268074,    -3.319834,    -2.229841
   91.461005,    68.344931,   -93.755293,  -161.174213
   68.641685,    51.434377,    40.048488,    -9.332784
    8.304337,    38.751521,   -73.657588,    -4.849989
   93.407665,    68.784527,    40.122170,     4.217239
   87.439709,     5.682490,    16.449447,    73.091279
   71.706041,    40.540238,    74.236854,  -109.862451
   47.293475,    44.393727,    87.821547,  -197.068236
   52.005132,    48.399804,    -5.544976,    -2.302201
   82.658030,    21.797337,   -68.344867,    25.681067
    4.786165,    50.355943,     5.849452,   -40.441509
   73.189148,    83.785714,    -9.712721,    56.358482
   28.421144,    68.893838,    29.814017,  -231.194342
   29.181557,    72.240955,   -19.570273,    18.725774
   54.297553,    57.658982,    -4.523457,    55.061022
   67.255472,    97.745834,    37.634587,   -37.697135
   61.375111,    23.229277,    -9.051254,     8.735060
   43.838170,    38.468203,    17.447878,   -25.302789
   37.491146,     4.978069,   -14.610377,   -31.908234
   42.753979,    27.427093,    72.326327,    12.246813
   71.596208,    47.363200,    54.412545,   -27.656538
   41.886316,    90.572698,    33.020414,    11.460826
   29.214031,    71.403529,   -36.799958,     2.742260
   14.396241,    57.996367,    20.706994,    -4.368479
   15.024833,    24.697278,    -0.565052,   -15.173900
   90.137197,     5.360378,     6.703759,    39.796179
   64.147915,     6.849822,   -17.672858,   -13.977937
   88.547506,    36.262812,     0.329425,    -4.454092
   15.953945,    84.410761,     4.322324,    17.670356
   67.784966,    37.516891,     7.344047,   -16.985717
   73.700547,    76.894878,   -31.878615,   -14.386738
   11.910502,    83.381612,    10.847879,     0.425737
   19.712271,    18.349933,   -86.160833,   -17.061763
   33.903381,    97.681591,    87.425268,    18.155632
   -3.220445,    95.442134,   117.314927,   -17.107501
   67.428408,    57.221320,     5.849578,    36.166473
   14.659951,    14.386851,   -16.402622,     7.842104
   47.056165,    56.657390,   -43.661775,    16.495338
   61.960061,     6.873882,   -17.416829,    17.448769
   77.084250,    25.857716,    12.425506,   -10.302491
   95.877726,    31.238084,     9.890287,   -16.366162
   75.976300,    49.432971,    -2.033908,    15.671931
   28.902768,     6.581092,   -10.566851,   -48.497066
   79.575330,    58.537502,     8.306394,   -11.640846
   72.560965,    87.519785,   -13.158373,    24.482515
   49.538980,    86.699776,    24.206966,    13.720296
   29.564991,    40.025950,   -12.661783,     9.486411
    9.576839,    49.995813,    -2.459035,   -35.056628
   61.248417,    92.190718,   -17.959402,    27.329024
   22.834868,    85.913863,    32.308059,    10.364076
   74.018637,    33.130426,    -8.871744,   -15.478243
   15.089317,     7.630460,    44.013083,    94.166427
   81.013877,    88.280795,    77.900505,    57.748837
   44.450315,    85.256572,   -12.203637,    14.139188
   73.028364,    82.485158,   -41.415882,    20.233729
  127.255128,    59.862829,  -754.573851,  -254.016408
   27.552252,   120.845724,  -989.072829,  -299.037072
   50.058638,    86.171543,    38.510312,   -15.211722
   89.767235,    92.615473,    -0.500022,    17.280011
   48.522386,     0.343017,   129.947037,    68.983519
   47.762757,    55.541994,    -3.096643,    -2.609786
   94.948979,    90.630449,  -139.378315,    -2.303012
   95.146835,    65.059782,   -83.812234,  -122.186457
   15.868412,    82.407140,    21.312092,   -19.170755
   23.881204,    25.653625,    -6.042344,     6.998212
    2.882796,    85.484494,   -42.438532,    36.318126
   70.469605,    58.648992,   -62.132221,    19.415140
   79.705758,     2.548167,   103.277559,    -0.626208
   20.561030,    -6.648630,   -42.574142,   176.938077
  100.287784,    39.231789,   -60.399575,   -39.560954
   82.807333,    48.806555,    82.762604,    90.058841
   31.190737,    59.534112,    37.227826,    25.509336
   64.154379,    69.545188,   -19.003552,    32.463013
   30.683099,    83.056202,  -111.810665,   -23.147266
   69.155260,    66.837405,  -167.459050,    50.772581
   22.099129,    98.971900,    37.757589,   -17.813422
    9.365841,     4.785246,   270.745871,   -44.385331
   25.642932,    84.800640,    15.096707,    48.425952
   48.399910,    59.131148,    11.666373,     9.877843
   29.787053,    44.808118,     0.168483,   -27.964701
   36.510350,    -0.942669,   -20.825643,    50.712150
   75.094422,     4.825167,  -274.216159,   -47.870927
   54.148122,    80.660950,    62.449961,  -104.076797
    5.109902,    45.028907,     3.424477,   -52.311677
   26.328620,    85.763634,    51.589802,    68.666792
   52.161781,    90.313129,     8.127980,    22.566213
   56.225572,    72.082599,   137.718361,   -18.731034
   46.875099,    92.397090,    85.585275,    10.237820
   27.075235,    40.380534,   -16.027044,    -6.849759
   24.686090,    12.472589,    -8.904161,   -14.641472
   90.643272,    63.408101,    -3.176813,    52.464125
   73.576271,    60.171814,   -16.659749,   -64.605735
   34.290041,    33.487114,   -17.383791,   -63.103325
   46.721484,    56.174590,  -105.132443,   134.179543
  100.616130,    60.914048,   -80.702725,    39.699269
   26.121555,    22.462455,    48.145301,   -28.937127
   81.895068,    27.407937,    -0.917880,   -35.387979
   39.539787,    90.614263,    27.541802,     8.443436
    2.909197,    29.637278,   124.898337,    -7.217673
   68.915645,    49.081234,  -128.301250,   -51.011595
   79.340084,    96.450064,   -26.368232,   -41.870191
   13.919617,    48.580852,  -965.414298, -2507.646370
   13.951801,    48.665563,   939.414743,  2498.632638
   14.334747,    49.185631,   -41.551473,    33.085485
    6.943678,    12.423929,   -14.089132,     6.376273
   54.285569,    59.655694,   -39.391820,    49.142508
   79.910414,     3.244044,    -3.689376,    21.861028
   73.579137,    28.655409,   -25.282947,    -5.378063
   60.042623,    16.934875,    55.567344,   -30.201134
    5.575951,   -10.137171,    48.555905,   187.290477
