x-position, y-position, x-velocity, y-velocity
   99.758399,    37.756936,     0.000000,     0.000000
   57.955967,    33.886558,     0.560806,     0.805949
   96.625622,    71.781460,     0.010540,    -0.023939
   74.847142,    73.424244,    -0.065685,     0.064177
   30.761218,    37.629677,    -3.568094,     2.633689
   42.496456,    76.208764,    -3.171456,    -3.550018
    9.829586,    91.660606,     2.096394,    -6.234809
    2.216359,    30.097271,     0.277750,    -0.509075
   35.318004,    58.416631,    -0.012769,     0.006377
   36.688128,    27.088199,     1.061098,     1.748845
   22.550179,    84.655447,    -0.027131,     0.062145
   13.739516,    26.323038,    -0.097314,    -0.054349
   89.697749,    83.590425,    -0.933232,    -0.732548
   41.327943,    67.410261,     0.498898,     3.285225
   45.131248,    62.541878,    75.911682,   -40.502236
   69.604720,    46.390428,     1.279864,    -1.344060
    2.548686,    28.698126,    -0.017369,    -0.207327
   65.623543,    24.695792,     0.145614,     0.274610
   64.608465,    66.529190,    -0.738857,     0.123818
   32.975739,    61.109866,    -0.000001,     0.000002
   24.353112,    32.139045,   -15.623450,    -4.408005
   38.134530,    94.076094,    -1.585718,     5.614737
   22.228356,    78.800878,     0.272604,     5.504841
   96.885407,    26.623510,    -0.000000,    -0.000000
   60.070333,    19.329105,     0.225119,    -4.009502
   62.322750,    54.420710,    -9.698526,    -2.033554
   47.928463,    14.654506,     0.633017,     0.613300
   33.671497,    97.868469,    -0.001947,     0.001654
    9.845237,    25.222208,     2.842065,    -2.571042
   75.335856,    72.781205,    -0.141353,     0.137817
   61.588883,    33.521557,     0.270622,    -0.923739
   70.862388,    79.634779,     4.225223,     5.740850
   89.836049,    54.824987,    -0.000072,    -0.000044
   64.944744,    96.014931,    -0.951400,     0.004011
   15.921191,    93.017768,     0.001156,    -0.000198
   58.183197,    63.566070,    -1.365849,    -0.050044
   97.887364,    30.265289,     0.000000,    -0.000000
   99.915085,    18.299217,     0.000000,     0.000000
   26.344241,    84.487370,    -0.065626,     0.060073
   55.682160,    62.368408,     0.153621,     0.136553
   64.994469,    67.807126,    -0.814572,    -1.608592
   55.175969,    23.222305,    -0.427185,    -0.949398
   97.816720,    79.996026,     0.077663,    -0.006434
   90.292613,    39.710029,     0.000387,    -0.000063
   65.933487,    11.841779,    -0.098106,    -0.014366
   76.822294,    87.359672,     2.242684,     6.808353
   45.164603,    11.238688,     1.537981,     3.234666
   92.936204,    70.366106,     0.001474,     0.000392
   15.522365,    53.052267,    -0.029226,     0.014597
   52.706627,    76.301367,    -5.277697,    -0.136227
   94.460424,    76.698409,     3.815571,   -14.299385
   34.506528,    87.314361,    -0.060739,     0.051021
   12.466067,    83.241409,     0.000000,     0.000000
   61.820682,    95.760611,    -0.003974,    -0.000563
   82.241108,    23.004471,     0.000052,    -0.000027
   94.937708,    57.695529,     0.059047,    -0.218986
   78.572394,    97.158245,     4.338373,    -1.639994
   48.340515,    83.806618,    -1.850771,     0.753692
   38.105372,    18.305741,     0.000000,    -0.000000
   42.729579,    71.245706,     0.002873,     0.001724
   63.921483,    51.113867,   -18.173545,    43.405258
   99.794009,     3.479114,     0.000000,     0.000000
   99.049080,    91.757229,     0.000000,     0.000000
   75.090915,    70.591972,     0.187829,     0.713657
   95.437033,    75.894149,     1.623326,    -1.438299
   10.684473,    92.947292,     1.192317,    -0.675199
   69.338097,     5.751186,    -1.665329,    -0.267295
   76.116628,    51.833547,     0.345436,     0.718808
   94.738002,     6.890400,     0.000000,     0.000000
   60.803806,    22.681592,    -4.111306,     2.260322
   82.241575,    69.327445,     0.208495,     0.060746
   62.172000,    32.689119,     2.900407,     0.422594
    3.013897,    74.725569,    -7.977183,     0.962083
   48.125835,    75.590869,    -1.400348,     0.365890
   72.216525,    32.027814,     6.767718,   -47.677197
   14.615660,     9.690717,     0.000000,    -0.000002
   59.152125,     5.847335,    -0.000000,    -0.000000
   52.622335,    78.294305,     0.708758,     0.546215
   88.981957,    69.958641,     0.086822,     0.487779
   34.658770,    37.017843,     1.494872,     2.493794
   67.170495,    52.390509,    -0.211416,    -0.562903
   66.800530,    50.987514,     0.020885,     0.150214
   49.161218,    55.177339,    -0.570013,     2.114619
   27.057772,    59.177394,     1.173344,     0.006810
    8.686522,    30.408376,     0.065784,     0.005965
   11.041380,    30.198060,     0.016991,     0.005149
   55.377308,     8.304660,    -0.000000,     0.000000
   38.182617,    97.523714,    -0.000959,     0.032217
  -39.382580,    81.348479,   417.956687,    82.886821
   79.061476,    78.261396,    -0.139593,     0.720844
   63.445789,    32.334160,     0.692620,     0.491723
   77.756110,    25.341884,     0.281344,    -0.156457
   95.404495,    26.431842,    -0.000000,    -0.000000
   12.310193,    62.188213,     0.000000,     0.000000
   32.527062,    93.841122,    -0.007911,     0.000386
   60.085149,    99.226063,    -0.000206,     0.000038
    5.761438,    23.237399,    -0.007877,    -0.021190
   12.579999,    94.627538,     0.463540,    -0.254091
   22.357971,    84.979428,    -0.022918,     0.049331
   10.952142,    70.281983,    -0.009247,    -0.061045
    8.294008,    55.894869,     0.014824,     0.002194
   27.277414,    45.013968,     0.498442,     0.241949
   44.895042,    25.669000,     0.000000,    -0.000000
   21.628389,    89.868616,    -0.000001,     0.000008
   57.118394,    15.406938,    -0.038881,    -0.044086
    5.006279,    65.249009,     0.812732,     4.441629
   42.608770,    46.280256,     0.000023,     0.000039
   40.360131,    31.544196,    -0.025326,    -0.081204
   97.681957,    48.611536,     0.000000,     0.000000
   69.524307,    67.458468,     0.317016,    -2.955034
    2.025523,    81.321366,     0.670162,     0.052278
   49.742174,    82.452163,    -1.786466,    23.110090
    7.007802,    30.061079,     0.736491,     0.071739
   84.137996,    58.021828,     0.000000,     0.000000
   60.240541,    68.844878,    -2.984027,    -1.241387
   58.598360,    15.098053,    -0.068771,    -0.110081
   73.676428,    33.965712,     0.529840,    -0.672067
   12.410163,    16.830426,    -0.288631,    -0.057642
   84.189666,    53.924837,     0.000000,     0.000000
   83.978476,    72.667911,     0.103436,     0.019542
   75.390043,    23.769779,     0.377736,    -0.165331
   84.550333,    20.714581,     0.244816,     0.043145
   53.355061,    97.289341,    -0.000000,     0.000000
   66.045470,    98.853602,    -0.629230,    -0.404805
   52.081356,    36.930940,    -8.766186,    10.933777
   41.651400,    25.837124,     0.003820,    -0.000400
   36.216438,    22.369049,     0.000000,    -0.000000
   87.776665,     6.975690,    28.833954,   -42.610058
   45.086627,    86.383725,    -1.348515,     0.634913
   47.136239,     3.180424,     0.169393,    -1.121952
   25.428531,    51.481443,    29.401155,   -76.695618
   65.397884,     8.044108,    -2.136024,     0.155117
   26.893208,    44.568964,     0.128469,     0.669483
   93.832798,    14.594565,     0.000000,     0.000000
   48.273017,    14.199964,     0.785890,     0.519121
   81.040440,    31.289005,     0.000000,     0.000000
   93.157955,    60.143752,     0.679461,    -0.482624
   67.614861,    68.808664,    -1.429423,    -0.323345
   22.729362,    89.695095,     0.000000,     0.000009
   85.814552,    75.627425,     0.061309,     0.004487
   77.048496,    64.275453,     0.672372,     0.262166
   25.292307,    30.558502,    -3.029865,     3.753984
   70.025911,    46.865478,     1.274120,    -1.136598
   58.688584,    60.361502,    -1.419318,    -0.613065
   96.789788,    98.778218,     0.000000,     0.000000
   99.033703,    56.359423,     0.000001,    -0.000098
   33.607167,    37.831772,    -0.466425,     0.379680
   92.155958,    34.421878,     0.000000,    -0.000000
   34.568261,    74.797083,     0.000000,     0.000000
   93.161141,    57.392798,    -0.000951,    -0.008827
   58.219661,    50.025362,     1.906007,     2.537026
   46.970434,    65.191647,    14.612914,     3.931947
   18.348175,    68.779583,    -0.074407,     0.044913
   38.421416,    17.868661,     0.000000,    -0.000000
   13.531320,    16.538222,    -0.968051,    -2.541556
   37.248012,    43.637540,     0.232138,    -0.221750
   66.816509,    46.259278,    -0.215008,     0.311265
   54.994668,    43.779312,    -3.434052,     1.732278
   47.323080,    69.197076,    -0.164899,     0.080806
   32.299238,    30.532800,    -0.016811,    -0.102851
   24.987710,    23.824437,    -2.569409,     1.342804
   20.262663,    19.163344,    -0.274633,    -0.070763
   42.161554,    42.573719,     0.043406,     0.119238
   97.950988,    69.373880,     0.000000,    -0.000000
   54.776532,    14.914169,    -0.004080,    -0.002322
   13.817782,    15.192523,     0.006380,    -0.136713
   82.770794,    67.454203,     0.624262,     0.249009
   84.736281,    57.991845,     0.000000,     0.000000
   70.715234,    79.069706,    -6.390731,   -23.074908
   53.337472,    77.881516,    -0.003699,     0.381798
   64.675487,    77.125295,    -1.969064,    -0.181204
   70.208742,    89.452222,    -6.476569,     0.597841
   94.175262,    10.822165,     0.000000,     0.000000
   11.097118,    32.783395,    -0.283992,    -0.303026
   88.375951,    65.232893,     0.477533,     0.111703
   63.529957,    13.995350,    -0.017811,    -0.038250
   24.200849,    81.152423,    -0.729504,     0.215429
   16.639478,    54.791179,    -0.064849,     0.038930
    3.079668,    27.151232,    -0.013035,    -0.074216
   23.463656,    75.101821,     0.776393,     4.425497
   31.921673,    51.581577,     0.000000,     0.000000
   81.156302,    50.978613,     0.001274,    -0.000047
   57.798131,    96.215619,    -0.000000,     0.000000
   82.799806,    55.473282,     0.000000,     0.000000
   20.891299,    17.483976,    -5.070614,    -1.450409
   17.109677,    20.497002,     0.099166,    -0.178232
   34.066357,    27.148371,     0.179646,     0.894916
   27.319484,    97.039049,     0.000000,     0.000000
   54.842736,    78.000719,    -0.091190,     0.240824
   60.757558,    16.042857,     2.353517,    -5.175410
    5.166903,    51.435370,     0.580233,     0.336263
   45.021677,    39.685829,     6.441099,    -0.035529
   11.385434,    61.716338,     0.000000,     0.000000
   61.804554,     9.442373,    -0.006875,     0.002290
   41.217262,    73.955097,    -0.029189,    -0.046727
   75.150700,    80.127859,    -4.897931,    -2.205647
   94.340972,    34.762477,     0.000000,     0.000000
   16.479708,    69.463367,    -0.002355,    -0.978388
   42.420819,    63.988426,   307.057882,   -53.645044
   14.411824,     9.464065,     0.000000,    -0.000003
