x-position, y-position, x-velocity, y-velocity
   11.382102,    10.710110,     8.378972,    -5.435405
   57.034653,    78.196711,    -1.351734,     7.758200
   95.947026,    61.101655,   -10.757557,    -8.489277
   93.664215,    88.452683,   -10.459802,     2.984238
   43.326196,    96.328755,     6.286051,     0.214908
   22.761293,    68.116997,    -3.007964,    -2.671455
   76.767514,    24.424745,  -251.177951,   -35.313945
   18.887478,    94.758168,    21.432862,    14.040024
   51.927919,    43.955522,    -2.802213,   146.896432
   50.968528,    75.406049,   -12.671780,   -36.091633
   20.375854,    33.349146,     2.152232,   -19.093148
   17.955344,    38.648473,    -1.943189,     2.710647
   92.406036,    90.739984,   -21.302493,   -20.335250
   31.000924,    75.661509,    -8.234898,     2.599895
    4.044984,    39.772343,    -7.881392,     3.441750
   48.839057,    38.895715,   137.995006,   106.218118
   52.385783,    60.677467,   -24.144733,     5.694401
    5.724600,    59.010110,   -80.032960,    16.645274
   16.230822,    69.296716,   -45.190772,    36.194342
   70.999837,    94.706304,    27.225563,    32.904005
   67.090194,    88.073047,   -66.838497,   -37.780422
   78.999925,    29.439538,   -98.880885,    45.896940
   10.125956,    58.542627,    -3.508557,     7.293194
    5.824523,    28.626293,     0.964866,    18.145763
   70.449093,    10.590957,     1.515167,     7.982676
    6.875407,    48.251807,     8.185791,    81.632790
   14.198500,    49.761622,   -31.293939,    26.434555
   16.160641,     4.639120,    28.617222,   -30.148768
   65.471475,    66.503438,   -88.603604,  -130.896509
   48.908300,    53.593528,    -8.909100,    -3.538932
   41.864258,    17.418081,    -6.788018,     4.994260
   84.936100,   109.538058,  -116.966080,  -207.927000
   33.411371,    62.270197,    21.473563,   -12.067807
   53.994982,    23.438373,   -21.036686,   -13.291403
    5.477938,    63.853659,     5.661957,     0.186787
   35.348602,    97.653223,    14.632888,     4.661370
   91.965621,    37.366319,    -2.884131,     0.277117
   93.997614,    12.977073,    36.177983,    13.667549
   36.093788,    92.471821,    14.882516,   -11.343607
   46.049136,    66.110521,    -4.422507,     0.589927
   46.247493,    45.386185,    10.839635,   -21.266807
   34.131036,    70.207526,    45.145951,    61.140814
   41.849631,    38.850795,    21.592684,   -17.785558
   40.058168,    73.502831,   -82.844909,   -81.387256
   97.464470,    40.606542,     2.669144,    22.793554
   12.772439,   -12.363925,   -91.563226,   160.355075
   56.778317,    12.839673,    -3.725040,    11.084864
   76.920940,    48.964010,   -15.168460,   -34.396098
    3.921054,    55.276198,    22.946176,   -28.622128
   52.564598,    76.489438,     9.368501,     0.943802
   65.895858,    56.969448,     3.993357,     7.857950
   92.440644,    63.291429,   -20.372317,   -17.702717
    6.680053,    73.051767,    -2.558180,     4.376672
   92.075704,    45.577120,    -4.726352,   -21.878522
   50.261405,    35.273535,   -38.709430,     4.503013
   62.202906,    58.071726,   -12.451019,     1.735718
   86.496844,    87.218890,     1.728118,    -9.049667
   43.295156,    50.904694,    67.472307,   -39.337806
   18.643869,    39.541664,     3.911028,     6.538717
   37.167765,    74.202076,    -9.915546,    -7.534716
    7.951905,    91.448810,    13.560765,    66.564846
   98.517387,    13.082286,    -6.045906,    -0.751886
   96.845005,    69.749079,    -8.016822,   -17.490435
   85.613401,    97.610164,    -0.115912,     6.369939
   53.017586,    64.680611,   -67.326558,    14.309237
   42.820392,    85.273855,    29.354695,   -26.592640
   48.768649,    30.127285,     2.704987,     5.663041
   78.370832,    61.955078,    -0.549416,    -0.893961
   31.846740,    74.285474,    -9.135823,    -1.748844
   84.433033,    39.746355,     5.422045,    -8.996669
   97.729202,    15.926160,    67.765691,    36.557465
   56.132236,    90.076141,    -5.749631,   -22.303233
    3.602982,    32.830605,   -18.308975,   -27.348753
   61.950794,    20.352427,     5.995850,    33.045836
    4.660538,    17.062363,   -39.110478,   -34.152752
   52.991188,    72.756540,  -380.169535,  -583.215218
   17.272702,    14.333253,   -68.905390,    13.039342
   68.439000,    94.392119,    -7.652041,    -7.283983
   93.930158,    65.780575,   -17.351040,   -11.316214
   67.659482,    12.349237,   -91.409101,   100.374646
   40.473241,    52.063795,    24.509932,    -7.828576
   81.520192,    38.728809,     2.759703,    -7.637808
   18.189522,     4.381672,    21.518832,    81.598248
   31.060934,    30.934322,    -3.661242,    -2.529596
   90.923408,    16.520566,    84.497390,    55.621733
  104.139582,    70.640101,   -69.828177,  -175.922967
   47.158895,    13.452588,    -9.996593,    11.033924
   69.215685,    95.252754,   -22.688155,    33.057054
   21.466240,    98.901469,     4.427797,   -37.280274
   77.261162,    96.001805,    -2.386990,   -19.171835
   65.774628,    33.528697,    -5.225219,    -4.461800
   36.229263,    75.299183,    22.744297,    13.430408
   75.150945,     6.056958,    75.703854,   -83.707093
   26.994478,    91.056608,    -1.526458,   -16.092159
   48.741197,    91.773750,    22.050385,    -2.912744
   92.814947,    97.351071,   -12.541576,     5.890273
    2.579924,    32.894657,   106.260696,   303.677049
   31.039278,    52.979602,     5.028436,   -14.054106
   52.803139,    -2.496717,   -95.098009,    89.826410
   10.785619,    67.307422,    13.174836,     7.534991
   70.799970,    34.370677,    42.541752,   -40.769592
    7.110080,    16.030840,    16.150942,   -28.245696
   64.460862,    17.739802,     1.765182,     2.724914
   48.110764,    92.041548,    22.428606,    -2.698659
   16.151575,    32.046313,    40.404248,   127.149653
   44.900735,    46.555861,    10.531490,   -18.103218
   41.042586,    42.542510,   -93.045939,   -12.687998
   18.693757,    97.954776,     8.488522,   -14.661154
   83.222480,    41.951098,    -7.576596,    -2.502424
   12.896593,    72.806453,   -17.674925,     1.433821
   40.450003,    30.702626,    55.335967,   -79.063902
   76.365307,     2.184201,     1.027091,    -9.324491
   24.499699,    -7.525201,    -2.490626,   103.522264
   14.816968,    34.587139,   -18.074917,    -5.695063
   32.763125,     9.269253,   -10.115342,    40.018098
   20.776037,    73.793005,   -32.832397,    26.625598
   47.433157,    16.283364,    24.160767,   -14.304611
   11.530393,    17.141945,    30.434541,    -0.779746
   35.805351,     5.875030,   -24.522747,     2.717217
   29.359053,     0.558926,   -37.534477,    47.769386
   70.672530,    25.492278,    10.085342,     3.474636
   86.973127,    14.247941,    -9.449300,    -6.587144
   13.495015,    57.423589,    42.633475,    41.750599
   59.267572,    61.808159,    -8.234499,   -21.882548
    7.617539,     9.086249,    40.379446,    42.503475
   20.496189,    34.327478,    19.607491,     6.096112
   75.650688,    17.989394,    20.548625,    -1.622287
   23.260831,    16.012154,   341.124587,   345.164575
   78.433958,    22.419317,   -36.918216,   -51.328048
   -1.076297,    23.727161,    31.238294,   -83.468538
   52.415745,    60.592942,   -10.921330,    10.844374
   86.371215,    25.405309,    86.553932,    25.893051
   86.392214,    18.738989,    21.100146,    45.156903
   86.238400,    29.108529,   -13.717034,    24.488711
   77.828041,     2.844585,     8.569420,     1.886800
   95.122828,    87.207893,    19.177766,    42.348084
   63.287213,    43.914394,    -0.741445,    -9.062820
   87.046482,    11.478974,   -27.876181,   -30.690747
   91.373369,    68.904508,   -18.150909,    -7.015267
   77.305586,     8.834633,   -17.407584,   -20.336852
   76.706513,    61.879776,     3.057556,     3.614321
   45.430336,    92.661689,    41.825496,    30.633191
   12.499151,    13.237867,     4.896069,   -12.054484
   52.655673,    62.027769,    -4.171147,    -7.007801
   98.507334,    70.549756,    -7.161140,   -14.985590
   64.419682,    53.757322,   -16.494614,   -13.333614
   97.966142,     6.963917,   -37.512170,   -10.454973
   75.035430,    14.495458,    44.921518,    11.203651
   21.293642,    71.783429,   -12.419143,    -0.446554
   95.291400,    75.227291,    -6.247130,    -2.161461
   61.454633,    53.092663,    -1.190633,    -4.567099
   75.296992,    91.355405,   -20.870390,    -7.325881
   46.952305,    27.121678,    45.952205,    61.647084
   64.551883,    94.328457,   -22.600643,   -46.846129
    7.354035,     8.562051,   -49.346800,  -100.346500
   49.826433,     3.326593,     3.847860,   -10.424070
    5.117021,    45.301486,    -8.120209,     1.592697
   49.777757,    20.432799,     2.899461,    -8.256432
   56.842493,    91.334045,     1.747895,   -11.737978
   38.092856,    45.558246,     2.840765,     4.087189
   35.051268,    32.899295,    27.696901,    31.022825
    8.414832,    38.261767,   -14.005859,    66.632251
    7.290482,     0.870287,    36.521581,    30.175131
   98.023798,    82.491007,     1.326608,    10.334440
   29.399024,    63.869688,    28.396850,    -3.083384
    9.539753,    15.565857,    10.188792,    -1.796467
    9.469619,    68.339341,   -34.201815,    -9.496539
   66.903101,    35.099714,   -48.034289,   -11.969579
   30.393048,    21.193704,    -7.474090,     6.723904
   21.876104,    79.945069,    30.086467,   -12.758028
   93.786883,    81.933125,    76.817565,  -160.537240
   52.128024,    73.390700,    13.553779,   -20.275607
   38.553613,    78.977984,    33.552009,   -20.314144
   91.223091,    81.052356,    13.058284,     9.614955
   53.488996,    22.251642,   -22.977776,    -9.743549
   51.102362,     4.263001,    -6.070316,     2.185433
    3.308662,    62.452434,     2.422852,    83.392545
   61.718955,    11.187342,   -34.796571,    29.820657
    4.355800,    32.142759,     2.688408,     1.273692
  108.274473,    83.864902,  -127.324918,    -4.486036
   30.885330,    64.306219,     6.908121,    15.573810
   59.895297,     9.784063,   -16.779745,   -17.080508
   90.701459,    35.719595,   -16.287813,   -11.807097
   24.828202,    68.044317,   -13.151739,     2.362465
   15.080282,    20.163089,   200.717981,  -125.214227
   60.843965,    28.674333,    30.560113,    24.092288
   23.760881,    28.416120,  -258.250479,   -19.124590
    2.213475,    39.971132,    29.622472,    99.260476
   14.166003,    12.761585,     6.178446,   -15.536679
   30.716647,    41.577510,   -29.107981,   -93.404659
   72.435449,    94.007936,   -24.515960,   -42.017951
   13.919617,    48.580852,  -965.414298, -2507.646370
   13.951801,    48.665563,   939.414743,  2498.632638
   67.729543,     8.835077,   -73.637612,    53.975333
   53.728089,    91.344173,    -0.421963,    10.817416
   40.342821,    80.470959,    -0.241284,    -9.687944
   93.659189,    39.451066,    33.939075,    -0.624276
    7.985277,    87.905391,    87.263176,    70.976584
   87.077008,     7.780952,    25.148954,   -42.046962
  -17.669342,    66.068054,   335.519705,   525.267142
