x-position, y-position, x-velocity, y-velocity
   98.342755,    40.133815,    -3.539110,     3.961464
   58.693514,    34.865078,     0.587306,     0.611238
   98.039929,    70.702160,    -1.389005,    -1.001385
   74.802183,    73.482911,    -0.035938,     0.051440
   29.148985,    42.905644,     2.473416,     6.369196
   38.315167,    72.598419,    -3.283537,    -2.395725
   12.530546,    83.674781,     2.138315,    -3.201798
    2.568992,    29.450797,     0.196688,    -0.405952
   35.301405,    58.424921,    -0.012768,     0.006377
   42.001759,    28.042066,     4.988358,     0.414757
   22.779208,    85.289249,     1.024341,     1.983985
   13.585802,    26.067258,    -0.135583,    -0.339892
   88.484547,    82.638113,    -0.933232,    -0.732548
   41.876297,    71.527625,     0.152145,     2.858575
   77.567146,    18.827653,   -40.510656,   -27.470405
   52.685390,    35.818125,   -17.249350,   -10.131721
    2.517496,    28.423060,    -0.163364,    -0.116308
   65.819385,    25.051188,     0.611521,     0.067726
   63.232736,    66.218236,    -1.238807,    -0.503007
   32.976364,    61.110104,     0.001417,     0.000562
    4.665990,    26.136867,   -13.659538,    -5.454599
   35.816655,    95.830556,    -1.891911,    -5.088107
   22.157759,    84.967570,    -0.928271,     2.001935
   97.782245,    17.740315,   -21.154785,   -21.654253
   60.437866,    14.196306,     0.345934,    -3.886569
   49.747328,    51.953516,    -9.671282,    -1.851765
   48.779909,    15.471305,     0.733881,     0.618765
   33.610378,    97.883311,    -0.101461,     0.016454
   13.514157,    21.839733,     2.806583,    -2.627507
   75.155710,    72.963113,    -0.135217,     0.144212
   61.935163,    32.323916,     0.265765,    -0.920940
   76.177928,    87.152606,     4.069192,     5.790142
   89.835616,    54.824522,    -0.002896,    -0.004262
   63.713582,    96.019854,    -0.938737,     0.004948
   15.925557,    93.017380,     0.006760,    -0.000191
   56.392958,    63.901925,    -0.968680,     0.777680
   97.769638,    30.151803,    -0.572074,     0.656217
   99.604505,    17.894605,    -1.689391,    -3.710296
   26.276509,    84.576325,    -0.028102,     0.083489
   56.198527,    63.470932,    -0.005813,     0.419389
   63.990612,    65.976278,    -0.720817,    -1.376899
   54.609872,    21.937514,    -0.416454,    -1.067450
   97.917682,    79.987661,     0.077663,    -0.006434
   90.293116,    39.709948,     0.000387,    -0.000063
   65.846641,    11.815293,    -0.023888,    -0.020528
   79.717929,    96.194068,     2.196781,     6.775260
   47.108777,    15.412547,     1.380968,     3.182054
   92.764420,    70.235016,    -0.177094,    -0.125969
   15.490543,    53.067212,     0.075151,    -0.085404
   46.154082,    76.265737,    -3.799880,     0.555858
   97.834883,    59.558316,     2.372428,   -12.690980
   34.427568,    87.380688,    -0.060739,     0.051021
   12.490419,    83.121982,    -0.041921,    -3.033011
   61.809245,    95.759969,    -0.018471,     0.007817
   82.147462,    22.992335,    -0.469358,    -0.060088
   94.577163,    57.209455,    -0.606845,    -0.593276
   84.232134,    95.042716,     4.384276,    -1.606901
   45.915554,    84.741136,    -6.314872,    -0.689817
   38.485210,    18.118023,     0.418548,    -0.202725
   42.856553,    71.321662,     0.439308,     0.191818
   48.243352,   100.180311,    -9.092728,   -33.403183
   99.041528,     3.692654,    -0.940386,     0.213387
   99.049080,    91.757229,     0.000000,     0.000000
   75.335401,    71.508799,     0.189494,     0.691179
   97.547202,    74.029236,     1.622329,    -1.426607
   12.229003,    92.065407,     1.183973,    -0.680908
   67.173169,     5.403702,    -1.663177,    -0.269737
   76.565128,    52.768136,     0.344483,     0.719080
   94.253782,     7.092758,    -0.137207,    -1.493239
   55.899751,    25.296836,    -2.745293,     1.178175
   82.511882,    69.408424,     0.207740,     0.062736
   65.419946,    33.595433,     2.353762,     0.816320
   10.193236,    75.976738,     7.975925,     0.966688
   45.879173,    75.919727,    -3.040574,    -0.327993
   79.342452,    27.777155,  -149.105230,    28.056639
   14.616486,     9.688536,     0.002964,    -0.007954
   59.150137,     5.846283,    -0.008064,    -0.005535
   52.800831,    79.874157,    -0.336832,     1.811552
   89.094173,    70.592665,     0.085601,     0.487670
   36.600414,    40.255014,     1.489370,     2.477364
   66.947246,    51.674997,     0.119585,    -0.647252
   66.842219,    51.111508,     0.207676,    -0.169314
   48.419483,    57.925865,    -0.578902,     2.108375
   28.582492,    59.186013,     1.171925,     0.006251
    8.699047,    30.496575,    -0.087310,     0.194186
   10.743576,    30.526547,    -0.544818,     0.623056
   55.377308,     8.304660,    -0.000000,     0.000000
   38.505714,    97.953306,     0.428936,     0.439397
   81.882975,    28.230239,  -244.721373,   -38.666798
   78.880004,    79.198493,    -0.139593,     0.720844
   64.875441,    32.613070,     1.245066,     0.095057
   78.273236,    25.211258,    -7.818542,    -4.481918
   91.202411,    29.916275,   -38.777547,    11.563241
   12.310193,    62.188213,     0.000000,     0.000000
   32.507464,    93.838125,    -0.032099,    -0.014337
   60.084004,    99.226104,    -0.001781,     0.000027
    5.743016,    23.188370,    -0.046576,    -0.161435
   13.185220,    94.301476,     0.466280,    -0.248389
   22.273380,    85.385079,    -0.110372,     1.533914
   10.945354,    70.203381,     0.008701,    -0.063945
   13.517088,    55.384834,    12.821520,    -1.170915
   27.944390,    45.357986,     0.690889,     0.838607
   46.396820,    23.950201,     1.798759,    -2.622843
   21.628263,    89.869476,    -0.000936,     0.005921
   57.042238,    15.334586,    -0.076377,    -0.061953
    6.057725,    71.021909,     0.796043,     4.439923
   42.368167,    46.279094,    -0.534387,    -0.028619
   40.429959,    31.580481,     0.090984,     0.091175
   97.681957,    48.611536,     0.000000,     0.000000
   70.148391,    63.341325,     0.575301,    -3.277413
    2.896734,    81.389326,     0.670162,     0.052278
   47.074602,    85.024536,     1.614001,   -20.951043
    7.864567,    30.226045,     0.477407,     0.287410
   84.137996,    58.021828,     0.000000,     0.000000
   58.409875,    67.879302,     0.362152,    -0.387283
   58.450693,    14.901522,    -0.183914,    -0.191598
   88.990443,    47.111587,    37.045234,    34.886951
   12.023311,    16.756604,    -0.345149,    -0.046525
   84.189666,    53.924837,     0.000000,     0.000000
   84.112871,    72.693667,     0.103301,     0.020149
   76.081421,    23.162410,    -1.479278,    -1.905705
   84.732160,    20.591722,    -0.437351,    -0.851596
   53.490560,    97.332653,     0.336566,     0.087400
   65.228808,    98.328776,    -0.626756,    -0.402339
   41.379109,    51.194383,    -7.769711,    11.020455
   43.282399,    23.473301,     1.996544,    -2.950949
   36.216438,    22.369049,     0.000000,    -0.000000
   77.261777,    44.600228,   -23.364753,    41.238481
   43.235381,    87.228002,    -1.605525,     0.622731
   47.356451,     2.170667,     0.169393,     1.121952
   63.210668,    26.294836,    26.525927,     0.001478
   62.650345,     8.179303,    -2.169446,    -0.240290
   27.036196,    45.426872,     0.194279,     1.282284
   93.612443,    14.885497,    -0.364365,     0.302787
   49.321195,    14.886513,     0.843572,     0.533889
   80.766170,    31.218103,    -0.914235,    -0.236341
   92.398375,    59.572523,    -4.326092,    -0.522411
   64.669618,    67.130296,    -2.476137,    -1.708448
   22.729424,    89.696078,     0.000420,     0.006863
   85.894257,    75.633262,     0.061306,     0.004509
   77.922580,    64.616269,     0.672372,     0.262166
   21.317106,    35.445427,    -3.393625,     3.821439
   47.977526,    34.772006,   -22.073930,   -11.936604
   52.066687,    60.623210,    -5.746799,     0.338914
   96.789788,    98.778218,     0.000000,     0.000000
   93.930255,    61.160229,    -0.972940,     4.545267
   33.000815,    38.325356,    -0.466425,     0.379680
   92.318209,    33.940726,     0.182210,    -0.596256
   34.564808,    74.797957,    -0.013591,     0.004997
   93.076689,    57.344323,    -0.161126,    -0.109522
   59.999639,    51.627477,     1.049348,     0.995999
   63.574621,    70.073377,    10.690311,     3.677715
   18.266004,    68.835571,    -0.057956,     0.042603
   38.709726,    17.705594,     0.323839,    -0.187036
   12.106970,    13.485273,    -1.148777,    -2.316156
   37.551232,    43.354004,     0.237084,    -0.205432
   62.292193,    47.678328,    -4.959509,     1.382482
   50.536457,    46.035115,    -3.426839,     1.732922
   47.113366,    69.302345,    -0.158879,     0.080870
   32.466069,    29.864457,     0.511861,    -0.385609
   21.647479,    25.570082,    -2.569409,     1.342804
   19.906086,    19.071160,    -0.273837,    -0.071113
   42.170533,    42.717301,    -0.026286,     0.100422
   97.689890,    69.147024,    -0.467521,    -0.301184
   54.767780,    14.910044,    -0.009698,    -0.004052
   13.922530,    14.727011,    -0.244385,    -0.847536
   83.582996,    67.775619,     0.624893,     0.246523
   84.736281,    57.991845,     0.000000,     0.000000
   63.660763,    50.873994,    -5.144763,   -20.531494
   52.373113,    79.224190,    -1.393030,     1.567953
   62.060414,    76.893137,    -2.015139,    -0.178365
   61.789355,    90.227776,    -6.475570,     0.585243
   90.534274,     8.023378,   -15.463499,   -25.329403
   10.698754,    32.426870,    -0.328723,    -0.238683
   88.996756,    65.378102,     0.477559,     0.111692
   63.744706,    13.921188,     0.261127,    -0.061225
   23.435952,    81.579474,    -0.699644,     0.558012
   16.560949,    54.840929,     0.063237,     0.017261
    3.038502,    27.053863,    -0.627897,     0.184808
   24.487473,    80.790359,     0.946383,     4.143213
   31.921673,    51.581577,     0.000000,     0.000000
   81.158526,    50.978413,     0.002227,    -0.000319
   57.798145,    96.215616,     0.000004,    -0.000015
   82.799806,    55.473282,     0.000000,     0.000000
   14.394923,    15.612250,    -4.573327,    -0.994063
   17.224174,    20.289436,     0.093026,    -0.156845
   26.226421,    40.750853,    -9.254230,    65.002190
   27.319484,    97.039049,     0.000000,     0.000000
   54.370110,    81.902635,    -0.589465,     5.349552
   63.582863,     9.476202,     2.267736,    -4.607917
    8.948359,    47.487753,     8.148340,   -10.625297
   48.401671,    21.308418,     1.307903,   -20.109883
   11.385434,    61.716338,     0.000000,     0.000000
   61.736584,     9.373750,    -0.196911,    -0.154487
   41.213167,    72.968009,    -0.005476,    -0.975750
   68.959488,    77.208532,    -4.743448,    -2.251292
   94.342869,    34.762895,     0.003715,     0.001002
   16.462089,    68.193861,    -0.018806,    -0.976078
   81.528927,     8.665879,  -115.311439,   -38.499896
   14.412404,     9.462343,     0.002278,    -0.005587
