x-position, y-position, x-velocity, y-velocity
   20.623603,    20.085579,   -21.730509,    -5.326400
   60.095107,    62.950110,    -0.783549,    15.033690
   93.479321,    67.233287,    -0.127979,    -0.417651
   89.024511,    79.487719,     8.995696,     7.402491
   34.177958,    93.561569,     0.280860,    16.496938
   27.005946,    71.860456,    -2.615312,     0.105792
    7.752073,    57.292665,  -127.081035,    94.852565
    8.162314,    66.403586,     2.639757,    17.780153
   23.903833,    83.605251,  -197.861479,    44.685188
   54.520315,    45.804426,     9.677751,    45.593449
   24.427509,    91.442926,    -4.329340,   -36.778111
   17.062913,    31.203903,     0.757779,     3.073065
   84.361372,    77.898344,    -2.924846,     6.526971
   42.619583,    75.111188,    -4.937167,    -0.989007
    2.320196,    13.555724,     3.367703,    17.929346
   96.156162,    83.894742,   -24.164485,    -0.972126
   71.225703,    44.064241,    53.831487,     9.478971
   67.561143,    13.609977,     0.085597,    -6.219402
   90.467024,    24.111333,    74.513116,   -81.796364
   39.179885,    91.649637,    10.440944,   -24.653949
   82.479187,    86.254059,    10.450989,    10.499351
   54.867331,    37.360184,   212.398086,   190.040693
   17.055065,    94.724433,    -5.348597,    12.553056
   18.805225,    12.561096,   -19.529928,    -0.560364
   66.402854,     6.108244,     3.989821,    -0.173743
   17.064390,    43.088112,    -1.815797,    -5.149606
   21.208050,     2.887591,    19.432177,   -23.019899
  103.511462,    85.527452,   -84.737619,   -54.184648
   95.177502,    18.375985,  -137.743596,   -44.950988
   64.359044,    61.866907,    -5.998858,    -4.881850
   58.892724,     4.885884,   -11.409573,   -15.915392
   92.978479,    94.960915,     7.225818,    -1.694702
   81.325322,    49.537018,   -46.627270,    46.715637
   86.913896,    44.299085,   -15.895783,    -8.643097
    8.922860,    77.093735,    -2.430242,    -9.422931
   29.386195,   100.329368,   -27.993638,   -30.610170
   95.263106,    34.880124,    -2.212536,     2.649752
   89.164301,     2.658725,    -6.806782,    -3.737207
   23.566461,    87.731975,    -4.588200,     7.304220
   53.450614,    65.818975,    -3.220789,     0.877415
   46.883434,    62.040723,    -6.001942,     0.894976
   10.027024,    19.792599,    -5.337008,     0.259264
   11.116695,    67.774800,   -35.794142,   -16.084135
   96.006110,    22.476777,    25.972990,   -85.332496
   82.214449,    13.539404,    30.292657,     0.704319
   89.983114,    77.156146,     1.678406,    -1.210742
   51.468731,    17.687150,     6.690523,    -8.513357
  101.246836,    74.423389,   -42.075750,    16.629581
   12.854353,    57.438981,    -4.043345,     3.435657
   44.553644,    72.900920,    -0.197775,    -1.777541
   64.965251,    46.555822,    -1.236996,     3.696660
   69.039168,    84.880422,    11.238748,    -1.176306
   11.051375,    71.021215,    -0.625966,    -2.694282
   91.185560,    79.867856,    10.957883,   -12.138015
   87.589615,    19.321449,    21.793265,     8.677595
   82.723589,    61.193000,    -3.579126,    -2.996397
   92.964405,    98.146499,    -5.923709,    -5.667928
   19.285331,    95.430485,    -4.636943,    10.700745
   17.647951,    31.170346,    -0.672794,     4.057313
   47.283618,    75.127445,     3.915064,    -0.961180
   22.850812,     5.977988,   -11.239075,   -28.399799
   93.600001,     6.462398,    -1.391134,    -0.285688
   98.105736,    92.713164,    -0.248910,   -14.251551
   78.745765,    82.093839,     5.258487,    13.333437
   96.492286,    64.015049,    14.083192,   -13.532742
   12.231184,    83.816570,    -0.643047,    -3.906077
   44.043819,    16.400160,    -0.122933,    11.959522
   78.525882,    61.789082,     0.138499,     2.445095
   48.235746,    71.890320,    -8.252401,    13.545967
   66.922050,    56.414510,    11.062861,    -9.464202
   22.426744,    74.187716,   -81.173972,   -55.619038
   90.712333,    65.914809,   -29.744351,    23.872830
   43.877230,    76.187908,   -22.137992,   -24.720446
   44.908815,    77.136924,    66.638365,   -49.907050
    2.049505,    54.595378,   -47.937031,    -0.759056
  129.864741,    72.756540,  -384.367759,  -631.987436
   54.190016,     7.484151,    -0.890332,    -0.754382
   61.844016,    90.105739,     3.848798,     2.126342
   89.924756,    73.825769,     0.686675,     1.172586
   14.661870,    -7.820801,  -381.252112,   529.527220
    3.693264,    57.365264,   -25.390095,    -0.347898
   75.262584,    53.059015,     3.183964,    -8.612641
   43.403227,    65.071368,    -2.819001,     0.316405
   29.985508,    50.333116,    -0.972931,   -11.495778
   69.488554,    20.065463,   152.210117,   139.615127
   20.467560,    46.634499,    55.927189,    19.277502
   54.973857,     5.228829,     0.079166,    -2.392763
   49.889501,    77.255948,    24.433482,   -49.600515
   17.839600,    36.251614,     4.213030,    27.495690
   78.923437,    84.111955,     0.464791,     0.949571
   67.135519,    32.519857,    -0.176976,    -0.257940
   38.302714,    76.734761,   -38.378331,     6.374686
   37.149657,    57.148861,     6.459387,    -2.166075
   16.583246,    65.953904,     1.361825,     2.370918
   29.991259,    95.475718,     0.051292,     0.630159
   78.096627,    93.054234,    23.915708,   -10.012014
   72.931366,    11.246959,   301.013128,  -543.254418
   20.806588,    76.440505,     4.460797,    -9.309431
   18.022834,    93.286818,   -10.409726,     6.455180
   10.987358,    70.214108,    -0.212669,    -0.016933
   12.637767,    62.282453,    23.472485,     2.859371
   36.813440,    93.471139,   -31.952408,    67.855558
   64.101363,    12.166107,     6.306920,    -1.077835
    7.291315,    95.768163,   -48.556685,     8.858857
   72.748604,    11.556669,  -291.274846,   499.018924
   33.352853,    92.516599,    29.449533,   -18.213545
   25.655545,    45.366717,    51.275511,    -2.714900
    2.556030,    75.864400,   -11.329931,    12.454705
   96.367884,    46.427527,    -0.799176,    -2.197890
   41.093660,    67.270802,   -11.796980,     4.661439
    9.196844,    82.444377,    10.767492,     0.896081
   67.574465,    18.025325,     5.853573,    -9.067906
    2.735219,     1.081263,    55.337669,   171.598453
   24.193441,    91.289894,    -9.655722,   -51.654657
   50.667829,    57.628741,   -11.336538,   -10.616582
   80.150667,    88.417813,    77.292909,   -43.665521
    3.470231,    47.833019,    25.885300,   -19.621049
    5.116847,    17.130335,    -2.644564,    -0.946372
   97.403327,    23.693314,   -40.709496,   -21.765184
   91.052923,    76.565285,     7.104360,     4.019146
   69.208259,    16.586473,   -11.281975,     5.603819
   84.320067,    21.384868,    11.065039,     1.329917
   63.321243,    22.928567,   -43.825418,   -42.834150
   64.366177,    92.982000,     0.884338,   -13.258903
   18.244900,    92.854874,    -3.556889,     3.269996
   17.538539,    15.542010,   -19.593969,    12.555159
   40.156554,    18.508331,    20.760350,    -0.649688
   97.902620,    94.838109,   515.657310,   523.809737
   36.995468,    90.953017,    -2.176191,     0.945795
   27.142693,    23.479003,    -6.983075,     5.943818
   37.613055,    22.623694,    11.205243,    22.321852
   64.018100,    11.056378,     0.681794,     3.835140
   52.819695,    74.242857,    18.699841,   -53.433911
   89.994850,    15.578343,    -1.504097,    -2.218678
   69.308532,     6.441636,     5.137991,    -1.030766
   73.110914,    33.812088,    -2.432719,     1.013612
   75.227501,    53.503253,    -4.393303,     4.682907
   -2.455690,   100.713378,   106.240817,   -56.016279
   37.935468,    94.609278,    44.853214,    -7.434846
   96.666179,    43.588791,    12.913046,    -2.150655
   63.082693,    60.310955,    13.617761,    -7.838911
   41.716844,    27.405460,   -59.550878,    49.424024
    3.429118,    10.392294,    -7.662412,     8.426280
   42.064135,    88.346660,    11.022303,   -15.950024
   96.074077,    98.690864,    -1.648069,    -0.276840
   88.241995,    77.733959,     0.066316,    -2.593629
   33.188065,    23.691462,    47.547934,    -8.595275
   87.166315,    25.772669,   -19.278324,   -19.544733
   31.338004,    76.310423,    -2.933575,    -2.464632
   97.431906,    69.375954,     1.758838,     3.488776
   61.870115,    58.655355,    -0.892435,    -1.444795
   96.008890,    91.008821,    13.989745,     9.316898
   17.502336,    73.990344,     9.369329,   -16.926439
   78.912011,    36.430459,    37.903689,     4.628994
    6.563305,     3.235039,     6.327158,    10.258055
   39.893505,    22.649913,     3.535551,    -9.963229
   27.115553,    41.637815,   -22.819614,     6.379377
   44.173805,    40.757296,     2.140030,   -14.079404
   48.908097,    88.465762,     4.596464,     8.991215
   35.996973,    41.333703,     0.513737,     4.209400
   16.389444,    27.518260,     0.149767,    -0.534148
   25.364658,    22.908133,    -1.382210,     1.850870
   20.954491,    51.945951,   -11.609516,   -32.823434
   95.703943,    68.622719,    -0.683502,     1.270607
   29.260600,    30.986786,   -21.126148,    59.257857
    5.067362,     3.689101,     3.011298,    14.761679
   83.947026,    71.294022,   -42.248280,     1.801767
   84.198775,    55.943685,    -1.161635,    -1.805119
   45.279230,    11.529917,    -3.960021,    10.417477
   34.934084,    95.245441,   -34.413107,    11.396972
   58.648438,    89.234461,     0.678174,     7.899629
   38.459500,    95.853075,     8.845073,     6.226329
   24.607388,    83.634746,   -33.631838,    20.385991
   64.762236,    66.469035,    15.445112,     6.552881
   98.820901,    40.504324,   -28.907059,   -12.766297
   61.888802,    11.132548,    -1.888469,    -2.043018
   56.182460,    34.028137,   -50.829731,   -91.202024
   85.100584,    19.911770,    30.207471,    -8.631562
    2.502908,    31.532859,     0.279425,    -0.115783
   49.950980,    86.032139,   199.104377,   -28.654408
   26.376637,    61.135114,     2.669962,     0.447842
   97.592132,    40.073803,   -18.731449,   -14.851800
   85.186595,    61.163669,    10.268902,   -17.116290
   48.596789,    66.082056,   -15.318498,     0.143734
   12.525888,    10.833822,     5.861383,    -1.214663
   -0.039719,    14.417643,    35.315713,   -21.751607
   34.430564,    20.401947,    24.066274,     3.390546
   87.917215,    16.151991,   -65.374503,   141.043464
    4.054676,    53.780729,     4.279737,   -27.411063
   70.872676,    15.511020,   -18.337786,    65.973516
   85.312025,    -7.514510,    22.963643,    98.611138
   34.512847,    32.300611,    -4.680777,    10.694456
   19.144360,    68.396060,     3.279682,     4.564220
   67.158006,     3.755213,     4.187840,    -2.196987
   50.495546,    72.380575,     1.526133,     9.960848
   42.301006,    97.022222,    -1.932211,    10.176677
   94.282395,    34.567941,    -0.240860,    -0.619708
   29.488643,    67.537385,     2.692964,   -11.024869
   92.035306,     0.886162,     0.085692,    23.749438
   56.949670,    73.314096,   425.745713,   640.260055
