x-position, y-position, x-velocity, y-velocity
   98.696666,    39.737668,    -3.539110,     3.961464
   58.634783,    34.803954,     0.587306,     0.611238
   97.900842,    70.802430,     1.390870,    -1.002699
   74.805691,    73.477940,    -0.035085,     0.049713
   28.999996,    42.337140,     1.489885,     5.685042
   38.643780,    72.837840,    -3.286131,    -2.394204
   12.333436,    84.225318,     1.971102,    -5.505375
    2.546275,    29.496479,     0.227168,    -0.456823
   35.302682,    58.424284,    -0.012768,     0.006377
   41.502923,    28.000590,     4.988358,     0.414757
   22.676615,    85.090789,     1.025931,     1.984601
   13.599360,    26.101247,    -0.135583,    -0.339892
   88.577870,    82.711368,    -0.933232,    -0.732548
   41.863428,    71.236348,     0.128686,     2.912769
   81.618212,    21.574693,   -40.510656,   -27.470405
   54.410325,    36.831298,   -17.249350,   -10.131721
    2.526411,    28.442342,    -0.089150,    -0.192828
   65.798280,    25.025324,     0.211047,     0.258643
   63.355843,    66.268019,    -1.231069,    -0.497828
   32.976240,    61.110055,     0.001246,     0.000487
    6.086520,    26.644762,   -14.205296,    -5.078942
   36.006500,    96.339760,    -1.898451,    -5.092045
   22.243685,    84.742626,    -0.859258,     2.249438
   99.906616,    19.911828,   -21.243706,   -21.715132
   60.402528,    14.585222,     0.353380,    -3.889154
   50.714408,    52.139055,    -9.670799,    -1.855389
   48.708941,    15.406270,     0.709680,     0.650350
   33.620524,    97.881666,    -0.101461,     0.016454
   13.233258,    22.102764,     2.808991,    -2.630306
   75.169272,    72.948790,    -0.135618,     0.143221
   61.908586,    32.416010,     0.265765,    -0.920940
   75.771009,    86.573592,     4.069192,     5.790142
   89.835813,    54.824785,    -0.001971,    -0.002634
   63.807639,    96.019360,    -0.940572,     0.004940
   15.924943,    93.017405,     0.006143,    -0.000253
   56.496945,    63.839942,    -1.039863,     0.619832
   97.826849,    30.086176,    -0.572110,     0.656265
   99.773444,    18.265635,    -1.689391,    -3.710296
   26.279628,    84.568275,    -0.031194,     0.080503
   56.191962,    63.413153,     0.065653,     0.577797
   64.061666,    66.112192,    -0.710539,    -1.359134
   54.651518,    22.044259,    -0.416454,    -1.067450
   97.909915,    79.988305,     0.077663,    -0.006434
   90.293077,    39.709954,     0.000387,    -0.000063
   65.849133,    11.817298,    -0.024927,    -0.020052
   79.498250,    95.516542,     2.196781,     6.775260
   46.968470,    15.094264,     1.403072,     3.182831
   92.782119,    70.247609,    -0.176988,    -0.125939
   15.488860,    53.068903,     0.016827,    -0.016908
   46.534241,    76.210326,    -3.801596,     0.554115
   97.602121,    60.830249,     2.327610,   -12.719327
   34.433642,    87.375586,    -0.060739,     0.051021
   12.477890,    83.194926,     0.125292,    -0.729434
   61.810907,    95.759529,    -0.016616,     0.004398
   82.194398,    22.998344,    -0.469358,    -0.060088
   94.635114,    57.266656,    -0.579507,    -0.572007
   83.793706,    95.203406,     4.384276,    -1.606901
   46.118130,    84.704612,    -2.025759,     0.365243
   38.443289,    18.138417,     0.419210,    -0.203941
   42.812615,    71.302150,     0.439371,     0.195122
   49.145108,    96.835914,    -9.017563,    33.443975
   99.135588,     3.671300,    -0.940601,     0.213540
   99.049080,    91.757229,     0.000000,     0.000000
   75.316496,    71.439409,     0.189042,     0.693898
   97.384914,    74.172331,     1.622885,    -1.430946
   12.110557,    92.133485,     1.184457,    -0.680783
   67.339702,     5.430431,    -1.665329,    -0.267295
   76.530672,    52.696231,     0.344557,     0.719051
   94.267481,     7.242097,    -0.136992,    -1.493392
   56.174281,    25.179018,    -2.745293,     1.178175
   82.491108,    69.402150,     0.207741,     0.062740
   65.184570,    33.513801,     2.353762,     0.816320
    9.395643,    75.880069,     7.975925,     0.966688
   46.183463,    75.952774,    -3.042904,    -0.330471
   79.822284,    22.535420,    -4.798323,    52.417346
   14.616255,     9.689066,     0.002307,    -0.005301
   59.150702,     5.846650,    -0.005652,    -0.003668
   52.834514,    79.693002,    -0.336832,     1.811552
   89.085602,    70.543897,     0.085706,     0.487679
   36.451363,    40.006907,     1.490508,     2.481073
   66.935699,    51.741929,     0.115472,    -0.669321
   66.821040,    51.126233,     0.211789,    -0.147246
   48.476986,    57.714741,    -0.575034,     2.111236
   28.465282,    59.185381,     1.172095,     0.006326
    8.708429,    30.477381,    -0.093816,     0.191943
   10.798203,    30.464076,    -0.546262,     0.624708
   55.377308,     8.304660,    -0.000000,     0.000000
   38.462821,    97.909366,     0.428936,     0.439397
  121.617918,    35.293287,  -397.349422,   -70.630481
   78.893964,    79.126409,    -0.139593,     0.720844
   64.750934,    32.603565,     1.245066,     0.095057
   78.336111,    25.058326,    -0.628753,     1.529318
   95.080165,    28.759951,   -38.777547,    11.563241
   12.310193,    62.188213,     0.000000,     0.000000
   32.510020,    93.839165,    -0.025559,    -0.010400
   60.084167,    99.226098,    -0.001636,     0.000060
    5.747673,    23.204513,    -0.046576,    -0.161435
   13.138579,    94.326322,     0.466414,    -0.248452
   22.291224,    85.256410,    -0.178440,     1.286693
   10.944738,    70.209733,     0.006159,    -0.063519
   12.220683,    55.510279,    12.964048,    -1.254457
   27.893811,    45.328355,     0.505786,     0.296312
   46.216951,    24.212486,     1.798689,    -2.622853
   21.628328,    89.869050,    -0.000645,     0.004255
   57.049864,    15.340786,    -0.076259,    -0.061994
    5.977866,    70.577959,     0.798584,     4.439497
   42.421611,    46.281968,    -0.534437,    -0.028737
   40.420860,    31.571363,     0.090984,     0.091175
   97.681957,    48.611536,     0.000000,     0.000000
   70.090861,    63.669066,     0.575301,    -3.277413
    2.829717,    81.384099,     0.670162,     0.052278
   47.342652,    87.224646,    -2.680505,   -22.001098
    7.815999,    30.197041,     0.485678,     0.290042
   84.137996,    58.021828,     0.000000,     0.000000
   58.373647,    67.918101,     0.362286,    -0.387987
   58.469099,    14.920678,    -0.184061,    -0.191559
   85.285920,    43.622892,    37.045234,    34.886951
   12.056224,    16.761847,    -0.329126,    -0.052433
   84.189666,    53.924837,     0.000000,     0.000000
   84.102540,    72.691657,     0.103315,     0.020098
   76.116214,    23.193806,    -0.347926,    -0.313965
   84.775895,    20.676881,    -0.437351,    -0.851596
   53.464417,    97.319835,     0.261421,     0.128187
   65.291507,    98.369031,    -0.626998,    -0.402548
   42.156080,    50.092338,    -7.769711,    11.020455
   43.082738,    23.768395,     1.996613,    -2.950938
   36.216438,    22.369049,     0.000000,    -0.000000
   79.598252,    40.476380,   -23.364753,    41.238481
   43.395394,    87.166229,    -1.600131,     0.617726
   47.339511,     2.058472,     0.169393,     1.121952
   60.518028,    26.313780,    26.926401,    -0.189439
   62.859916,     8.190147,    -2.095702,    -0.108434
   27.026336,    45.358956,     0.098593,     0.679161
   93.639988,    14.849131,    -0.275444,     0.363666
   49.236828,    14.833124,     0.843667,     0.533889
   80.857593,    31.241737,    -0.914235,    -0.236341
   92.831070,    59.624924,    -4.326953,    -0.524006
   64.919075,    67.303420,    -2.494571,    -1.731249
   22.729394,    89.695589,     0.000304,     0.004896
   85.888126,    75.632813,     0.061314,     0.004494
   77.855343,    64.590052,     0.672372,     0.262166
   21.656469,    35.063283,    -3.393625,     3.821439
   50.184919,    35.965666,   -22.073930,   -11.936604
   52.641754,    60.589605,    -5.750667,     0.336054
   96.789788,    98.778218,     0.000000,     0.000000
   94.027549,    60.705702,    -0.972940,     4.545267
   33.047457,    38.287388,    -0.466425,     0.379680
   92.299988,    34.000352,     0.182210,    -0.596256
   34.565908,    74.797609,    -0.010998,     0.003476
   93.091060,    57.354570,    -0.143711,    -0.102478
   59.880037,    51.531344,     1.196011,     0.961325
   62.505590,    69.705606,    10.690311,     3.677715
   18.271800,    68.831311,    -0.057956,     0.042603
   38.677408,    17.724176,     0.323178,    -0.185821
   12.221237,    13.716597,    -1.142675,    -2.313240
   37.527630,    43.374916,     0.236015,    -0.209118
   62.781487,    47.523335,    -4.892941,     1.549929
   50.879189,    45.861460,    -3.427322,     1.736546
   47.129259,    69.294255,    -0.158927,     0.080893
   32.414883,    29.903018,     0.511861,    -0.385609
   21.904419,    25.435802,    -2.569409,     1.342804
   19.933477,    19.078267,    -0.273913,    -0.071078
   42.173164,    42.707249,    -0.026305,     0.100516
   97.736536,    69.176579,    -0.466451,    -0.295548
   54.768756,    14.910449,    -0.009763,    -0.004050
   13.931571,    14.782926,    -0.090415,    -0.559142
   83.520506,    67.750963,     0.624900,     0.246562
   84.736281,    57.991845,     0.000000,     0.000000
   64.196563,    52.940420,    -5.357994,   -20.664269
   52.512416,    79.067395,    -1.393030,     1.567953
   62.261928,    76.910973,    -2.015139,    -0.178365
   62.436911,    90.168879,    -6.475556,     0.588967
   92.080623,    10.556319,   -15.463499,   -25.329403
   10.731659,    32.450942,    -0.329045,    -0.240725
   88.949000,    65.366933,     0.477557,     0.111693
   63.719190,    13.927264,     0.255162,    -0.060760
   23.497490,    81.529996,    -0.615380,     0.494776
   16.563045,    54.837699,    -0.020967,     0.032307
    3.057186,    27.060209,    -0.186833,    -0.063457
   24.401223,    80.369143,     0.862501,     4.212169
   31.921673,    51.581577,     0.000000,     0.000000
   81.158311,    50.978442,     0.002153,    -0.000291
   57.798140,    96.215617,     0.000048,    -0.000012
   82.799806,    55.473282,     0.000000,     0.000000
   14.869702,    15.740398,    -4.747794,    -1.281473
   17.215152,    20.305004,     0.090225,    -0.155678
   27.025412,    34.067677,    -7.989910,    66.831762
   27.319484,    97.039049,     0.000000,     0.000000
   54.429056,    81.367679,    -0.589465,     5.349552
   63.364556,     9.949216,     2.183076,    -4.730137
    8.133525,    48.550283,     8.148340,   -10.625297
   48.270671,    23.322643,     1.310000,   -20.142246
   11.385434,    61.716338,     0.000000,     0.000000
   61.755254,     9.390429,    -0.186698,    -0.166789
   41.210966,    73.070913,     0.022014,    -1.029049
   69.433833,    77.433661,    -4.743448,    -2.251292
   94.342494,    34.762799,     0.003751,     0.000953
   16.463970,    68.291469,    -0.018806,    -0.976078
   93.060071,    12.515869,  -115.311439,   -38.499896
   14.412227,     9.462807,     0.001776,    -0.004634
