x-position, y-position, x-velocity, y-velocity
   80.772650,    40.886887,   -26.590456,    -7.754897
   59.916460,    38.761244,     1.408917,     3.788042
   95.683656,    69.093910,    -1.359894,    -0.908752
   77.451243,    73.277291,     2.984410,    -0.296227
   33.748582,    52.998881,     2.646181,     4.211795
   33.073987,    68.704426,    -1.911189,    -1.264105
   65.452821,    12.615322,   167.864836,  -134.456392
    2.878283,    28.233184,     0.242725,    -0.796934
   30.810486,    56.575051,    -6.638670,    -3.766161
   51.182070,    27.102538,     6.481929,    -1.005797
   24.410044,    89.350911,     0.746911,     4.187353
   13.509440,    25.781443,     2.181209,     2.216078
   86.898070,    81.392865,    -0.933121,    -0.731959
   42.488454,    74.358892,     0.095901,     0.005847
   13.722780,    21.842907,   -36.249060,    12.974341
   17.301380,    59.178070,    43.944141,    16.445688
    3.146180,    27.782698,     0.763043,    -0.616664
   66.734487,    25.178965,     0.338613,     0.160810
   59.259124,    65.447785,    -2.868887,    -0.568938
   27.639618,    60.931783,   -11.118771,     0.245217
   29.162154,    48.821412,    35.146684,    18.587857
   41.462210,    95.520353,    20.042982,    15.482772
   20.405390,    88.115790,    -1.095231,     1.860880
   63.967043,    17.111105,   -20.730541,    -4.943836
   60.397502,     8.410624,    -0.670826,    -2.469308
   33.385982,    48.993795,    -8.975976,    -1.339569
   50.002966,    13.377716,     0.669837,    -1.667363
   33.437894,    97.911283,    -0.101332,     0.016462
   17.181899,    31.513584,     2.231620,    12.403208
   75.545295,    73.015555,     0.658350,    -0.108264
   45.295134,    40.085479,    -9.635871,     5.096807
   82.724936,    96.776185,     3.565396,     5.509321
   89.561983,    55.180264,    -0.171688,     0.218086
   62.149738,    96.165050,    -0.854279,     0.472135
   13.677379,    93.411939,    -2.117589,    -0.074473
   54.734589,    65.219949,    -1.004367,     0.778938
   96.809314,    31.352505,    -0.569928,     0.932518
   96.736603,    11.587553,    -1.685508,    -3.709894
   27.362264,    85.621689,     1.862997,     1.624510
   56.159068,    64.178583,    -0.164263,     0.419672
   57.989974,    63.709365,    -4.540733,    -1.347610
   35.440733,     4.360888,   -11.648822,   -10.527448
   97.956513,    79.976723,    -0.077663,    -0.006434
   90.280280,    39.658066,    -0.046525,    -0.158475
   64.979967,    11.422137,    -0.631616,    -0.320571
   83.823074,    88.960945,     2.700576,    -6.494439
   47.349002,    18.996999,     0.522660,     1.677786
   92.466327,    70.079773,     0.024735,     0.286518
   15.718078,    53.823075,     0.311687,     0.584871
   43.778182,    75.102620,     0.376357,    -1.416535
   92.595873,    44.749523,   -19.285216,    -0.526382
   40.560828,    87.151705,    14.466296,    -1.222837
   12.291893,    78.235591,    -0.633663,    -1.841260
   61.644580,    95.852702,    -0.259592,     0.295723
   81.429775,    22.791891,    -0.396429,    -0.149447
   93.987797,    58.334998,     1.585857,     2.335571
   91.685404,    92.310984,     4.384276,    -1.606901
   34.703754,    82.462482,    -6.666516,    -1.600967
   24.793000,    21.664399,    -7.562830,     2.596782
   43.693060,    71.300134,     0.556131,    -0.166306
   34.624341,    52.463155,     3.324199,   -19.425351
   97.449306,     4.052339,    -0.928646,     0.209356
   99.049080,    91.757229,     0.000000,     0.000000
   75.848586,    72.427022,     0.440507,     0.275007
   95.766888,    71.629060,    -1.604421,    -1.391489
   13.486429,    90.708123,     0.105804,    -0.970324
   53.108305,     5.130918,    -8.267430,    -0.950758
   77.263763,    55.552945,     0.816652,     2.725990
   94.066039,     4.461232,    -0.111844,    -1.557846
   54.290029,    85.631563,    15.854363,    26.683913
   82.368658,    69.360498,    -0.290520,    -0.090225
   83.678524,    57.249261,   -42.280602,   -73.526714
   24.987891,    76.664890,    10.435516,    -0.890960
   41.641499,    74.966867,    -1.862404,     0.323862
   16.396639,    28.582474,    53.662231,    46.974333
   14.648791,     9.631706,     0.030805,    -0.051483
   57.352996,     7.988201,    -1.763052,     1.533751
   52.819776,    83.196273,     2.296923,     3.060249
   89.088402,    72.219096,    -0.057380,     1.219479
   39.231774,    44.052833,     1.993897,     1.570808
   67.392953,    51.078536,     2.305048,     1.126168
   67.440274,    50.822069,     2.596849,     1.130763
   46.925276,    60.984271,    -1.426306,     1.448616
   30.412024,    59.112953,     0.645646,     0.047449
   37.460772,    35.502444,    27.809430,   101.985707
   80.702766,    10.525803,    43.261762,   -75.634616
   54.862041,     8.773976,    -0.504527,     0.317361
   39.237186,    97.417147,     0.431570,    -0.149174
   76.732729,    58.949092,   -44.625195,   -17.998573
   78.330381,    81.127446,    -0.525565,     1.623009
   66.854040,    32.727306,     0.939097,     0.606322
   65.424942,    20.602622,    -6.563992,    22.135436
   37.879616,    50.580173,   -11.279794,    11.002039
   13.287612,    62.464774,     1.338480,     0.735454
   32.323721,    93.802676,    -0.127753,    -0.020363
   60.773044,    99.227432,     3.452945,    -1.481977
   32.229183,    31.051325,    49.624726,    54.160847
   13.418887,    93.921406,    -0.567599,     0.269373
   22.100429,    88.317960,    -0.374184,     1.895734
   10.942000,    70.091601,    -0.027589,    -0.070093
   26.214790,    60.380785,     5.518785,     3.654218
   31.440148,    56.438294,     5.325993,    18.597519
   49.461612,    19.562590,     1.872383,    -2.495570
   22.182397,    90.528880,     0.533421,     0.735649
   56.935531,    15.240863,    -0.080224,    -0.404805
    7.403659,    78.566512,     0.683090,     4.394148
   31.992872,    47.158567,   -22.418886,     1.203819
   28.154288,    38.778155,    -6.031109,     3.998696
   97.739421,    48.308989,    -0.422778,    -0.074348
   71.130259,    58.097328,     0.391875,    -3.071715
    4.034823,    81.479657,     0.662297,     0.060662
   51.617790,    51.216773,     3.612293,   -18.714137
    3.592338,    38.507571,     8.698078,     8.969680
   84.081610,    57.952896,   118.037292,   206.102752
   58.755417,    67.261258,    -0.029422,    -0.118445
   58.154796,    14.580879,    -0.111234,    -0.339057
   55.420098,    95.475413,   -27.917874,   -27.154976
    9.022648,    17.191598,    -1.571678,     0.069239
   84.200061,    53.934370,     7.568606,   -11.118191
   83.462750,    73.478571,    -0.722442,     0.770607
   73.481053,    19.323121,    -1.593607,    -1.892286
   83.988663,    19.144008,    -0.437351,    -0.851596
   54.778019,    97.457465,     1.767762,    -3.568801
   64.171481,    97.702835,    -0.588407,    -0.212060
   31.523004,    70.058917,    -5.437966,     9.983951
   46.512025,    18.546216,     1.140377,    -2.702073
   36.814976,    21.296440,     0.687378,    -1.213879
   46.535957,    89.031512,   -16.316844,   -34.131765
   40.350056,    88.102198,    -0.347579,     1.189509
   47.913563,     3.431675,     0.937950,    -0.038092
   92.008224,    27.089403,   -25.840939,     0.383749
   58.529354,     7.500464,    -2.336010,    -0.511087
   27.753543,    48.340414,     2.530983,     2.944137
   91.002341,    14.773501,    -1.609885,    -0.089042
   57.271005,    10.011493,     5.319093,    -3.138411
   78.112021,    30.564743,    -1.634502,    -0.364545
   85.165919,    58.660030,    -3.288058,    -0.040289
   59.172883,    65.976569,    -3.321704,    -0.328725
   23.026704,    90.275105,     0.054815,     0.863616
   85.973234,    75.884044,     0.035667,     0.247635
   79.049518,    65.092256,     0.512126,     0.566051
   41.939446,    47.110807,    26.242429,     3.111464
   25.333393,    13.682075,    -9.766982,    -8.453708
   42.372989,    61.432067,    -5.710708,     0.515462
   96.789788,    98.778218,     0.000000,     0.000000
   91.724556,    69.219459,    -1.630503,     4.402733
   28.498588,    39.332242,    -3.744672,     3.684230
   92.626564,    32.927852,     0.179055,    -0.594738
   34.526599,    74.820859,    -0.018192,     0.024220
   93.693374,    58.718151,     1.799113,     3.017736
   61.774519,    53.348002,     1.042484,     1.014209
   78.019018,    76.997125,     5.571537,     4.678167
   11.164552,    80.470531,   -10.768545,    18.067401
   27.711442,    21.718814,    18.195239,     6.413517
    9.929210,     9.041530,    -1.400284,    -3.259205
   37.987805,    44.178811,     0.427503,     0.958238
   51.931200,    48.551797,    -6.105734,     0.032842
   44.697178,    49.285170,    -3.207614,     2.537785
   45.986823,    68.497535,    -1.004674,    -0.841259
   34.365689,    28.756729,     0.992860,     6.016093
   17.842013,    27.337899,    -1.644778,     0.601722
   22.200310,    20.274509,     1.878672,     1.257706
   42.039950,    42.828402,    -0.179283,    -0.067283
   96.916578,    68.531606,    -0.436502,    -0.392950
   54.870604,    14.875023,     0.026178,    -0.111639
   10.105129,     9.344029,    -1.669532,    -3.087907
   84.210198,    68.338270,    -0.386986,     0.684664
   84.654744,    57.895758,     0.331177,     0.142589
   57.164900,    17.854604,    -3.564513,   -18.565415
   57.880574,    83.264542,    47.705925,     4.637460
   58.486433,    76.908834,    -2.169333,     0.145247
   50.557744,    91.832312,    -6.819325,     1.569147
   64.586884,    34.588253,   -14.349217,    22.386574
   27.088701,    43.614114,    18.460264,    12.541284
   68.382468,    87.527423,   -69.149586,    72.791063
   63.869987,    13.829913,    -0.113348,    -0.359745
   25.874544,    91.652296,     4.923502,    15.946395
   26.369953,    49.434077,     6.418051,    -2.340339
    2.030701,    27.523013,    -0.663806,     0.053832
   26.497233,    88.251555,     2.192589,     5.040995
   31.831464,    52.177399,    -0.087243,     1.492090
   83.097889,    52.656132,     5.846497,    -4.853292
   59.971482,    93.894073,    10.671685,   -12.284662
   82.806140,    55.460249,    49.950707,     8.956146
    5.062064,    13.908216,    -6.022535,    -1.163032
   20.770454,    21.450851,     1.653436,     2.888040
   77.162347,    89.872360,   105.301448,   -40.834910
   27.509850,    97.532023,     0.475786,     1.232427
   52.161744,    90.726876,    -2.475148,     4.678437
   66.440355,     2.616090,     1.559221,     5.446087
   35.356005,    69.613755,    23.671607,  -112.239940
   44.286248,     4.463998,    -3.948770,    12.104977
   13.088687,    61.923936,     2.022889,     0.433898
   61.095432,     8.523479,     0.276897,    -1.295603
   40.686361,    69.946318,     0.958778,    -2.632369
   61.164197,    73.679110,    -4.468602,    -1.979189
   94.348503,    34.765533,     0.002567,     0.002590
   20.233756,    72.176664,     5.041081,     6.579688
   81.724384,    54.824193,     3.373455,   -17.626927
   14.448066,     9.397185,     0.037802,    -0.064914
