x-position, y-position, x-velocity, y-velocity
   39.037367,    39.655412,     8.905557,   -12.732514
   41.626924,    30.228719,   -34.767078,    24.731801
   55.162993,    51.726781,    60.899346,    18.875393
   46.903923,    93.765795,    25.881527,    63.210465
   65.672881,    10.292362,   -26.765555,   -84.144311
   53.626625,    98.006878,    51.632885,   -17.071784
   74.381471,    85.479164,    33.867777,    -3.771576
   14.075976,    -3.371800,   -13.651114,    54.519465
   30.610221,    74.262598,    27.921708,    -7.373659
   25.420021,    71.476168,   -13.084120,   -36.072466
   20.854319,    20.185226,   104.804813,    48.737957
   46.592813,    92.976648,    17.812902,   -33.689378
   70.497573,    70.508629,    -2.925709,   -37.148802
   32.400065,    68.287698,    40.896192,   -36.114742
    6.899354,     4.786812,    23.118790,    15.113741
   45.379508,    30.209976,  -196.653336,   211.430644
    2.056056,    61.816579,     2.167417,     6.563209
   43.131130,    54.237885,   -11.065923,   -39.676858
   92.736062,    48.292645,   112.339672,   -25.547738
   29.509271,    59.859314,   -15.590720,    58.104259
   82.015937,    97.530876,   -25.652758,    27.331146
   16.149787,    99.169032,    34.529704,   -18.856943
   77.534270,    69.384186,    26.216361,    31.107909
   82.203331,    21.065862,    24.203264,   -58.580410
   94.413011,    43.081536,     1.555971,   -18.536762
   94.104562,    77.063695,    24.658241,   179.697993
   47.914611,    13.844121,     3.755455,     2.976552
   85.850633,    15.379015,    -1.259134,    -4.759669
   82.528652,    65.584846,   -39.549035,    83.392159
    7.970514,    90.530899,    -2.853425,    21.731629
   -8.668879,   120.405826,   214.601093,  -276.766803
   31.069907,    48.445605,   -49.707027,   -20.953513
   10.250570,    77.394576,   -38.190754,    53.455735
   87.250642,    18.724661,   -58.211857,   -29.582883
    7.714105,    86.335127,    17.073199,   -28.563178
    1.182778,     7.151570,    26.440459,   -19.623262
   61.738889,    52.478410,    54.738965,    22.498372
   36.059900,    89.488577,   -58.021192,    94.131491
   21.325236,    23.721144,    45.423006,   -24.949350
   95.052295,    33.883893,  -214.384287,   -99.724962
   73.149895,    55.685170,   -45.167346,     6.721513
   28.126506,    11.072155,   -74.108869,  -286.538418
    2.981944,     9.214529,   -19.645521,     9.270415
   80.481325,     6.999536,   379.304901,  -172.866253
   92.188267,     7.320263,  -426.678722,   148.009740
   52.729483,    27.688996,     4.111305,   -39.453601
   79.408798,     9.336380,    44.801451,   329.912840
   88.272352,    37.174284,    -9.697508,   -77.583485
   27.393834,    -7.644891,   961.881977,   343.675125
   53.882136,    26.525649,     0.865164,    -8.308246
   15.244058,     9.947376,   101.223298,    24.414368
   68.900077,    19.437505,    67.057958,   -78.122193
   15.729243,    50.848673,     9.976620,    -6.760016
   41.554878,    43.723861,    45.401458,   -48.124733
  105.197885,    21.860922,  -103.347481,    93.280931
   91.128658,    51.235607,   -13.098207,    24.066494
   80.072168,     2.254113,   -73.118922,   -48.784665
   34.570886,    26.910967,    -8.211071,    22.081267
   23.423950,    38.268735,   -51.609580,   -66.228143
   18.043531,    72.410265,    12.341300,   118.274744
   69.247637,    74.747552,     6.588144,   -18.027452
   35.728347,    34.745968,     1.800577,   -85.313305
   66.913528,    50.078006,   -60.217679,    34.081307
    5.868432,    80.258101,   -26.549917,   -17.303692
   77.632262,    31.657805,   -37.532098,   -55.119159
   81.823553,    67.384263,     6.154925,    44.165996
   34.711524,    45.636110,   -77.061671,  -112.379898
   89.141972,    92.193826,   141.933126,  -141.303430
   29.766114,    58.219790,    39.005567,    51.503960
    4.723553,   115.583450,  -168.613779,  -248.078796
   95.501971,    61.779255,   -29.116007,     1.512230
   62.901669,    96.849695,     6.180605,    -0.988295
   73.043990,    70.786523,    26.134002,    15.243873
  -17.861658,    93.616923,   211.014889,   -43.729211
   35.907362,     4.582125,   -33.421693,   -11.168362
   -2.047013,    29.778256,   141.041113,  -161.388657
   -3.713508,    44.227821,    81.295106,    91.779048
   34.433724,    95.995614,    83.613692,   121.406217
   41.212734,    19.669582,    -5.692932,    -8.711728
   53.089950,    97.836402,    -4.031814,   -32.738173
   31.619620,    20.468999,    -5.165748,    -5.013447
   90.436875,    52.037640,    48.326672,   455.550408
   64.301818,    42.488791,     9.437377,    10.932809
   52.018426,    51.579334,    -0.847255,   -12.423690
   85.293420,    30.601402,   -34.930994,     1.269575
   85.429251,    42.574482,   -29.420901,     3.552092
   69.676506,    44.783294,   421.435424,   153.854067
   85.503153,    90.667038,    18.094402,    37.839982
   14.955936,    55.515703,    73.616054,    73.268509
   63.520888,   129.023194,   -39.359286,  -401.869688
   93.639787,    35.639829,    13.370613,    -0.717444
   33.663633,    -3.613730,   105.528831,   181.627522
   24.101892,    56.150333,    63.583811,    -3.020848
   27.345833,    58.725760,    52.431833,   -11.938884
   61.404829,    61.302343,    40.244227,    12.678895
   38.821082,    39.507000,    82.691091,   -49.699654
   43.781505,    64.712816,    37.822208,   151.313132
   28.840885,     4.599821,   -92.262945,   198.969524
   52.634359,    50.201832,     3.558722,    -2.329189
   93.308682,     4.462724,    16.503807,   -20.660413
    2.792478,    84.931525,   -15.471600,   -52.729640
   63.559735,    30.518011,    19.815992,    71.740275
   65.165901,    74.953244,  -134.568155,   -19.061393
   44.442585,    70.614592,   -19.596658,     3.189278
   59.244666,    10.241693,    -8.086263,    60.415224
   35.415753,    73.798115,    39.036284,    36.074994
   68.734082,    16.126664,    -9.024919,     9.246922
   41.481441,    57.170855,    -2.465362,   -22.602332
   30.317122,    12.858330,    23.468372,   -66.372205
   14.852022,     7.273728,   -95.740207,    32.767544
   26.550175,    46.398694,    48.386943,    30.965736
    8.588001,    56.499934,    54.858250,    34.846890
   58.819072,    58.412226,   -34.993174,     9.507907
   21.772940,    55.711830,  -181.276673,    61.778170
    6.802843,    37.634256,    43.489014,   -19.500876
   88.662919,    28.577926,    -5.544090,   -20.547435
   69.792781,    15.208246,    -6.112470,   -11.375105
   88.309064,    39.624982,     0.353574,    -3.826908
   16.047450,    69.360512,    -2.086362,    19.384283
   81.857275,    47.469136,   -30.172177,   -11.028239
  101.173477,    97.085450,   -41.267829,   -34.443474
    2.271276,    82.816545,    18.605160,     0.459675
   84.824844,    39.275150,   -37.686384,   -77.681438
   32.025121,    82.139253,   -84.475018,    21.495560
   98.054300,    90.040774,  -130.777815,    19.084545
   63.430961,    24.839144,     0.490037,    45.403191
   28.717783,     7.552196,   -21.290464,    11.039287
   83.129575,    46.991833,   -44.096173,    15.786778
   75.493445,    10.690193,   -14.587956,   -20.007658
   75.101260,    20.742801,    -9.497223,    28.717942
   86.973672,    43.701340,    14.147570,   -13.597837
   77.133452,    36.840096,     0.741600,    16.522969
    9.162495,    61.703346,    37.475807,   -76.381220
   70.565739,    64.968150,     2.001201,     8.326410
   84.448920,    75.101193,   -14.805495,    12.545084
   30.267247,    77.252740,    23.836936,     5.963055
   40.378537,    31.232528,   -14.180160,    11.606406
   10.263413,    85.493034,    -1.637622,   -51.016796
   73.718005,    69.195398,   -19.844470,    31.325535
    6.204820,    78.486650,    11.337199,     3.108991
   78.819861,    43.451099,     6.567839,     5.981203
   24.212886,    64.552704,   -46.139694,   -96.482355
   36.049062,    51.192167,   -16.410657,    58.834561
   57.636649,    71.511083,   -18.030998,    18.135964
   91.561483,    60.770062,    51.554953,    30.012858
   37.408177,    39.132073,    48.112341,   -15.519083
   27.552252,   120.845724,  -989.072829,  -299.037072
   45.459136,    96.325080,    -6.275165,    26.554621
   89.358950,    78.427200,     1.105268,    20.206184
   52.014222,    54.655778,  -154.809930,   -65.203908
   56.502109,    65.655826,   -12.576509,   -11.277516
    0.007080,    44.643598,   151.827752,   131.025902
   52.247302,    89.796456,    71.638961,    35.160527
    2.454577,    99.390800,   -25.840869,   -23.469292
   30.829060,    19.671005,   -10.829109,     8.544021
   37.318652,    54.821457,   -45.595872,    38.938936
   57.985893,    46.406699,   104.187275,    12.094646
   -3.169973,     2.909507,   105.814387,     0.770063
   64.815206,    64.186622,  -107.518562,   221.533599
   50.413245,    75.077215,    67.242027,   -51.135524
   12.967006,    15.045372,    91.960852,   -72.427166
    2.024197,    37.619137,    37.837825,    27.551391
   82.352024,    45.043408,   -23.577979,    -0.680876
   76.386109,    93.519495,   165.293652,     1.918405
    6.335962,    17.667930,  -296.636864,    70.136700
   12.773728,    72.551553,     9.425382,    47.703699
   19.518931,    44.531995,   -24.083973,    49.730678
   17.054980,     3.010809,   -58.547815,   108.651999
   42.702885,    59.558163,     8.045807,     0.050897
   29.692244,    67.407064,     0.118512,   -28.248683
   54.544989,    30.772603,   -23.685898,   -34.771693
   86.685254,    42.627849,  -351.592227,   -49.549951
   12.534167,    38.041401,    50.384722,   108.106869
    2.526546,    72.740873,     4.923589,    -7.042201
    9.526487,    67.543519,    22.716784,    25.622280
   45.367412,    68.925707,     9.194917,    29.390661
   68.081066,   100.611060,  -200.666464,   -33.758475
   16.734426,    72.677076,   -93.009976,    33.502879
   39.185299,    44.594304,   -14.587148,    -4.140014
   25.261939,    28.110717,     9.958937,   -24.538670
   87.897798,    13.797226,     3.470186,    62.052407
  100.620299,    88.426895,   -46.593559,    76.101895
   47.615932,    86.799001,   -17.292935,   -67.144467
   65.119021,    63.546205,   138.091514,  -191.148797
   46.308472,    28.177446,    52.120731,    37.354589
    6.434560,    48.850418,   -41.439804,   -38.123161
   78.679915,    54.951344,     5.309657,   -38.419705
   27.412451,    79.689034,     0.661684,    18.263628
   88.061226,    51.832226,  -149.447107,  -110.570220
   29.911895,    95.083911,   208.252957,   -74.928130
   95.659538,    68.617409,    31.438514,    46.286521
   13.919617,    48.580852,  -965.414298, -2507.646370
   13.951801,    48.665563,   939.414743,  2498.632638
   45.621093,    17.206572,    -1.103591,    45.762178
   19.348082,     5.879669,   -18.003732,    11.068018
   80.255395,    -2.484177,   -34.281284,    88.165586
   83.167401,    15.834173,    -3.371080,   -20.283244
   93.797443,    34.458738,   -22.779262,    -9.290499
   10.744317,    74.898930,    72.127179,   -86.883452
    6.169817,    45.260146,   -51.327119,    54.938808
