x-position, y-position, x-velocity, y-velocity
   40.474089,    73.022746,    17.794543,   -46.777525
   86.107353,    29.262292,   -30.180439,   -35.588181
   81.377102,    35.927945,   131.882977,   -50.713677
   63.142261,    94.936795,   -11.028835,     4.157595
   88.718039,    18.443072,    22.589969,    90.037327
    7.437235,    82.493112,     7.365237,     4.015130
   68.632861,    65.463066,   -30.786631,    48.558087
   51.834519,    75.890471,   -27.998840,     6.592773
   25.183743,    84.293206,    13.012148,    -3.214464
   20.431749,    32.075503,   -19.871513,    55.368111
   50.859368,    11.778697,    48.458448,    20.688031
    2.528873,    62.813793,    14.534918,     9.781535
   79.974481,    86.731840,    -8.013723,    -5.751759
   89.228013,    89.876882,  -121.426509,     0.689006
   74.660726,    30.471843,   -52.942887,   -31.657031
   12.792812,    52.957342,    -3.242971,    66.257992
   12.710345,    66.553259,    -7.827855,    -7.462421
   49.608336,    98.716559,    76.976103,   -29.005572
   85.982458,    73.680778,  -309.948489,    41.503843
   70.182708,     3.096658,   -14.028745,   -52.057948
   70.826715,    31.481187,    31.345369,    47.833516
   84.521323,    76.538161,   -73.459630,    30.246986
   26.934644,    34.879761,    22.967510,   -92.421695
   45.023259,    56.571457,    41.161120,   -17.752008
   98.536140,    92.106614,   174.988110,   -37.191232
   21.224995,    82.998328,     1.785387,    97.894779
   46.771597,    45.132190,     0.972308,   -27.951000
   80.888905,    27.576480,     4.612849,    -9.249924
   95.133354,    81.905366,   -64.213124,   -34.931892
   19.758946,    48.075683,   -13.664952,    15.451320
   32.719176,    20.877772,    17.522918,     2.412479
    9.307739,    93.507340,    41.623298,    42.345181
   91.933864,    12.242085,    21.861556,   -34.654433
   13.723122,    18.441487,    36.831747,    20.818703
   18.774608,    94.192294,    23.222942,    10.569415
   31.371634,    56.478107,   -13.794567,   -28.919232
   86.612997,     5.961859,  -129.385682,    38.304810
   26.441292,    86.516597,    98.663617,   124.504899
   64.315300,    63.394778,   -52.553784,   -10.790984
   98.211701,    -5.082324,  -373.513066,    79.986366
   70.875383,    19.896651,     4.936117,    24.418196
   90.349264,    85.732025,   -14.268247,    40.204496
   38.679654,     1.902898,    -1.320512,     3.880191
   44.302350,    48.276549,   -28.529184,    30.102848
   49.520394,    50.167320,   466.246503,  -162.003735
   11.870067,    89.978578,    69.900836,    44.620799
   57.912415,    64.585062,    16.646896,    17.713327
   35.404561,    30.331479,    35.148063,    76.066058
    6.034721,    32.994781,   -24.198179,    17.380134
   43.482443,    59.493639,   -72.185141,   -62.854420
   72.668466,    29.461744,   -10.615743,    -6.415219
   10.361486,    52.349854,   -42.188791,     6.955322
    5.248771,    82.285539,     3.032449,   -20.449841
   96.517315,    56.875756,    10.755412,    51.027445
   26.429396,    45.675746,  -424.935309,   108.203862
   55.302091,    36.990386,    27.689866,     6.362237
   61.933620,     7.658023,     6.264443,    17.335361
   59.790839,    30.298049,   -16.113167,   -16.178758
   99.901306,     5.199058,  -133.337128,   120.626448
   73.937623,    42.689497,   170.040418,  -329.436438
   57.864563,    84.710603,     9.345546,    24.478837
   76.236228,    21.812790,    48.975545,  -113.095243
   19.107243,    12.319991,   240.704389,  -151.634133
   49.440259,    82.686340,   -18.954796,   -13.499517
   58.462535,    32.839588,    48.928406,    28.656689
   93.819832,     0.699155,    16.541830,    37.044799
   64.349943,    52.825901,    -6.125252,    -0.445703
   32.544178,    41.210221,     3.037255,    23.391010
   35.857549,     9.871177,   -10.974776,   -40.161923
   63.329311,    73.281861,   -60.187587,    24.310034
   40.563812,    50.874714,    42.999852,     2.947287
   59.456960,    83.337849,     4.389193,     8.679968
    7.885425,    97.426574,   -47.417984,    14.886023
   29.471720,    60.066384,  -361.328954,    38.471551
  100.517140,    25.488019,   -35.922304,    -8.963971
   37.561207,    85.614554,  -172.403001,   185.990421
   89.794706,    48.710300,   -39.923163,     8.248099
   70.910096,    63.985312,   121.441744,   113.324426
   50.136012,    35.281582,    -5.565446,    -6.439174
   92.450564,    80.984627,    27.258890,    -0.389366
   53.726176,    31.962203,   -16.833928,    -2.194050
   83.013361,    25.652352,    -7.683811,   -10.947235
   44.376994,    22.083214,     4.101187,   -44.095671
   57.618027,    45.221628,    16.033492,    14.776342
   68.966331,    39.881298,   -25.546531,   -17.540384
   53.251524,    14.523840,    29.936796,    12.836013
   27.532963,    65.293628,   441.890878,  -177.587744
   12.949058,    95.607103,    62.765332,   -44.069264
  100.522261,    72.982212,   -66.079091,   -92.465898
   76.651514,    35.191381,     3.269457,   -17.570139
   54.084070,    35.157881,    15.423823,    13.291563
   94.243723,    90.251914,  -263.820910,   201.369809
   52.772398,    85.426691,    62.378475,   -23.565632
   33.056537,    59.505422,     1.732185,    -9.467936
   12.605241,    18.842088,  -236.089131,    93.824239
   58.945818,    89.677876,   -19.939583,    -0.842203
   40.069121,    28.928006,    10.480773,   -20.785976
    5.816619,    40.896640,   149.562744,   -93.966495
   39.109761,    54.008307,    13.911378,    -7.103086
   56.608663,    41.218332,    20.133055,   -23.084992
   22.372411,    57.415289,   -28.048426,    14.306041
   15.761611,    71.626539,    75.588580,    75.369441
   96.605030,    93.097998,   154.507863,    16.823336
   85.403669,    76.495990,   -23.926988,    -3.470440
   77.746960,   103.173817,   -11.227054,   -64.690149
   46.741232,    12.887389,   -50.402705,    20.185947
   89.046959,     9.840207,   -13.978897,    -7.878015
   32.024916,    88.744517,    24.495023,    -2.732442
   83.034234,    53.072065,   -77.335286,    98.298050
   58.694568,    59.389772,    -2.792057,   -42.921997
   56.631442,    30.884766,   -30.206756,   -61.459675
   97.828919,    48.213543,   -72.261445,    -1.850555
   37.034521,    23.637051,    18.703592,   -48.818251
   17.887366,     8.272878,  -494.911581,   -25.397966
   55.268972,    16.308339,   -22.989646,   -45.532392
   81.946110,    69.303303,    21.948599,   -21.576275
   84.421749,    25.514851,   -13.419010,     7.618689
   69.753579,    34.597390,    13.324319,     6.222825
   30.906571,    19.644781,     0.744145,    27.008745
   60.617385,    33.651135,    31.900767,    41.019301
   90.646483,    63.400757,    -4.689279,    14.063398
   44.073013,    46.608474,   -31.306126,    31.839101
   79.742094,    84.894772,    17.863182,    -3.326048
   59.198702,     1.291684,  -168.381821,    59.871487
   90.927559,    46.890034,   114.931001,    37.168767
   58.000404,    51.319807,    10.305599,     3.292858
   58.944517,    23.829885,   -14.762110,    -6.242077
    8.734169,    40.108030,    76.210910,     5.812360
   76.476833,    42.214488,    26.652318,   -16.420653
   85.732312,     4.869179,   -16.300233,     7.304859
   32.561225,    82.686212,    31.929886,   -17.018443
   24.759498,    77.780701,    -1.458781,     7.647569
   42.028377,    81.920905,   -27.441236,     9.181978
   70.848839,    62.892788,    -0.280617,   -17.269740
   83.409990,    34.156869,    15.755731,    25.449264
   25.705678,     7.970766,   100.509945,    44.891688
   49.043601,    26.850775,   -10.357818,     5.103988
   20.102894,     4.959515,   -14.631631,    78.561882
   96.045768,    36.941380,     6.237701,   -42.880927
   24.715283,    36.247899,   -19.302401,    33.387593
   27.448958,    29.925107,   -56.581074,   -53.761079
   56.012968,    55.199197,   -25.308761,     1.323652
    6.098020,    63.597266,   -41.462587,   118.264583
   86.897604,    25.095236,   -17.131695,    27.364952
   24.641742,    65.597669,    13.791024,   -13.856863
   71.813300,    54.212672,   -11.326622,    -6.155727
    0.788495,    28.486197,    33.618192,    19.063166
   80.755607,    41.886378,   -38.110100,    21.901138
   59.887472,    58.540861,    29.625445,    -9.723558
   47.175313,   100.140160,   -26.750545,   -42.002121
   75.923186,    73.155392,   -10.053558,     1.267290
   29.952451,    34.662710,   327.960547,    -6.945690
   36.483993,    12.984097,   -39.014256,   -55.934418
   50.472448,    45.898769,   -33.958298,    48.541365
   55.049603,    14.892996,   -16.086866,   -22.316082
   51.219183,    30.692703,     5.859204,    13.830011
   31.962910,    57.224595,     8.680138,     1.362625
    5.238249,    25.786587,  -130.967138,   -18.009171
   32.947244,    89.158060,    21.557262,     2.823905
   31.794488,    57.543691,    -5.592791,    10.251178
   24.893378,    66.993030,    47.840770,    -4.931618
    6.671789,    93.913454,    -2.517111,   -97.860245
   86.171198,    57.216921,    16.853869,     6.787075
   62.927227,    88.809603,  -216.659168,    -1.895161
   34.668733,    61.832227,    -5.586146,    -8.447488
   59.907639,     1.358927,   114.184991,    43.090289
   59.123578,    57.092825,   -19.518177,   -66.503404
   19.481888,     7.809935,    28.581261,    14.640750
   30.862362,    49.311897,     4.749529,    11.063016
   12.474018,    21.006929,   -86.189348,   104.384881
   81.570630,    96.383997,    80.002093,   -27.767983
  146.240679,     5.846459,  -512.735511,   141.059974
   82.123391,    46.745118,   106.831718,   129.471258
   46.919782,    75.011860,   -31.153028,     1.429241
   16.898845,    18.158341,    -3.816714,    19.748137
   34.419222,     9.974862,    -5.824392,     6.865861
   68.729814,    69.012892,   -35.024664,    10.619247
   46.930878,    48.112501,  -130.914274,   -41.681317
  103.570114,    45.417705,   -58.817693,     7.229722
    4.731054,    68.526218,   -19.162925,   -20.075563
   72.466729,    65.484998,   119.560941,    97.193109
   26.063050,    99.862328,    53.026300,  -123.860929
   60.706319,     6.607015,    23.385393,    49.446037
   82.884011,    69.767736,    32.765094,   -49.202509
   80.947227,    36.003750,   -60.619759,   -37.344260
   90.560704,    70.012995,    71.680324,    50.232827
    6.059555,    46.187430,  -106.936002,    38.661640
   26.747046,    34.789363,     0.063782,    29.773773
   -6.320385,     2.369450,   235.838912,   281.887460
    7.088344,    88.474967,  -306.000528,    14.309727
   55.642086,    10.895568,    12.580793,    33.197272
  -82.621815,  -202.183789,   965.414298,  2507.646370
  107.893277,   298.528831,  -939.414743, -2498.632638
   58.831703,    67.211670,     3.722142,   -30.548032
   17.229706,    20.778656,    30.223339,   -29.708387
   24.145316,    22.992349,    68.656585,   101.934795
   88.044970,    24.949693,     1.339880,    -0.804071
   43.550193,    10.371708,    36.863048,    21.399089
   46.267544,    98.886443,   -23.949361,   -32.420367
   72.710741,    19.364194,  -262.670813,   370.758097
