x-position, y-position, x-velocity, y-velocity
    1.625561,    15.426988,    21.118567,    52.424955
   55.913908,    82.075356,    -0.543280,    10.177681
   89.701064,    56.106493,    -8.671835,    -7.505234
   87.506913,    90.305629,    -9.242382,     8.562116
   47.079615,    96.486788,     6.125178,     0.521229
   15.453628,    71.121518,   -11.482838,     5.837484
    3.836988,    36.887503,   154.737469,    29.285038
   31.562280,    93.352348,    20.663791,   -21.233783
   46.395811,    94.894839,   -21.095878,     8.634614
   43.729977,    54.835449,    -9.166623,   -26.809645
   20.869872,    22.823884,     0.949166,   -15.730057
   16.286621,    40.841250,    -3.721336,     6.209113
   87.477522,    89.714654,    -2.020268,     1.632416
   55.108154,    78.779697,   129.900482,     7.837558
    3.269563,    42.881641,     4.531271,     7.272597
   80.064193,    86.528396,  -114.320506,    74.163106
   35.164322,    68.261630,   -28.325571,    13.922811
   32.794317,    63.929916,    67.110528,     2.946475
   62.142195,    86.866344,  -666.200922,   -40.007974
   87.170153,    88.155811,    25.475599,   -32.370966
   28.960772,    65.794384,   -57.462338,   -38.456733
   26.784919,    56.588023,   -79.510688,    45.333418
   11.458583,    65.371921,     5.106680,    12.986375
    7.381013,    38.953013,     8.055869,    19.454179
   71.358194,    15.380562,     2.077344,     7.852051
   12.736481,    97.036751,    11.419783,    81.047944
    8.011022,    65.677648,    30.140825,    26.511738
   32.225753,    15.879732,    33.986875,    14.847319
   13.768882,    -9.826174,   -79.614330,   120.071092
   43.765390,    51.665093,    -8.397979,    -3.537618
   37.766524,    20.424891,    -7.029262,     5.092336
   29.400323,    -0.095266,   -82.496168,   165.990414
   45.947561,    54.197088,    17.911151,   -20.186841
   41.255860,    15.776188,   -20.907692,   -12.544550
   11.850914,    69.025846,     5.730793,     7.330979
   44.120402,    95.789087,    13.030743,    -4.082564
   90.168691,    37.179908,    -5.503344,    31.883167
   94.403548,    32.899590,     1.935292,    65.036658
   48.609007,    84.314273,    31.186199,   -16.362023
   25.327153,    76.494918,   133.925870,    46.725705
   52.817754,    32.863876,     9.648407,   -20.940185
   60.243888,    93.927246,    40.705744,  -140.458025
   49.036904,    28.833177,     1.297147,   -16.196969
    7.277628,    25.151983,    47.459274,   -54.106655
   97.464470,    54.282674,    -2.778373,    22.543020
   31.404392,    83.014041,    92.627586,   157.571473
   52.896902,    19.314770,    -6.684287,    10.766405
   71.614221,    23.969857,     3.176354,   -56.274979
   18.082690,    43.701967,    11.349717,   -19.811263
   58.282672,    76.149808,    12.123511,    -3.554117
   68.323103,    61.878607,     4.151567,     9.373918
   80.217254,    52.669799,   -20.372317,   -17.702717
    3.089469,    77.026991,    -7.522879,     7.874363
   89.090798,    32.950818,    -5.267378,   -20.316198
   28.215480,    37.134176,   -39.785322,     5.346417
   55.117586,    59.025605,   -12.550103,     1.264172
   97.112022,    85.567000,   -22.407615,   -80.464227
   78.222908,    34.419327,    37.885893,    -8.966348
   19.198888,    44.013889,    10.004388,    11.123725
   29.190146,    73.387023,   -15.586055,     7.386050
   17.358539,    71.613334,    21.165890,   -12.281146
   94.908703,    12.600601,    -3.065544,    -4.054297
   99.370777,    58.655085,   -16.311318,   -19.251401
   85.501288,    95.005164,    -0.426983,    -6.900758
   95.762205,    51.374369,    89.816726,   -36.956048
   58.345925,    68.080116,    19.912021,   -32.784245
   52.591971,    33.544131,    12.029865,     2.578710
   78.582160,    63.295087,     0.335465,     3.522904
   26.907496,    74.810070,    15.348203,   -21.183997
   56.496776,    36.720089,  -126.855382,    12.248119
   71.275877,    37.529880,   -64.666490,    21.561265
   54.819616,    78.313745,     0.465033,   -16.744281
   12.860741,    18.449489,    21.824195,   -22.343095
   65.514529,    39.497347,     6.098447,    30.498284
   18.757515,     2.272735,    32.985657,    34.560972
  107.135420,    68.095311,  -285.759546,  -469.849584
   17.091138,    22.145885,    66.845507,    12.741761
   64.127877,    89.824086,    -1.940065,    -6.109163
   83.519534,    58.990846,   -17.351040,   -11.316214
   14.249777,    70.883614,   -80.253432,   100.899080
   54.151525,    47.029337,    21.028620,   -12.244337
   83.013072,    35.876877,     2.298975,    -1.894681
   26.473133,    49.582509,     9.254972,    72.901529
   30.638014,    28.571937,     0.641574,    -4.038753
   63.609915,    49.635034,   -52.343593,    58.066483
   75.419271,     3.048046,   -27.745806,   141.773481
   40.177854,    19.685854,   -14.687271,     9.218862
   63.195981,    78.921934,    51.634575,   -64.976426
   24.958552,    76.587253,     5.332894,   -36.785265
   75.828968,    84.498703,    -4.396718,   -19.366593
   62.055285,    32.146980,    -6.315518,    -1.055246
   51.785876,    75.936571,    26.545004,    -5.200021
   90.286026,    35.503998,   -73.280408,    37.674519
   26.210405,    81.387795,    -0.467688,   -13.308347
   61.504098,    90.116138,    22.584829,    -6.970782
   84.996675,    96.752849,   -13.262990,    -3.532547
   72.569803,    42.282185,   127.261267,  -145.368829
   34.056339,    44.547139,     5.028436,   -14.054106
    3.919648,    56.285381,   -68.674612,   105.906192
   18.193359,    76.806202,    12.698623,    36.184332
   96.219483,    10.050434,    40.743187,   -40.918799
   16.352952,    -0.340358,    13.812129,    24.274255
   65.519972,    19.374750,     1.555183,     3.645878
   61.222459,    90.518319,    21.475665,    -7.123709
   39.979662,   106.605986,    39.022707,  -121.382586
   50.106601,    34.878677,     6.444181,   -20.554402
    4.940503,    34.450783,    85.392597,   -12.421664
   20.905879,    95.481336,    -0.032965,     0.454811
   78.599710,    40.802444,    -7.948334,    -0.791770
   30.133112,    76.291109,    18.440221,     0.880033
   66.535799,    14.919780,    38.980233,    69.909572
   76.131234,     6.049385,     0.582118,    20.624627
   17.447256,    45.488385,   -19.462329,    73.620435
    4.425596,    31.964580,   -16.358202,    -1.769963
   51.821022,    35.322493,   226.886384,    56.507571
    0.428383,    88.525368,    35.230007,    22.732968
   62.524141,     5.561210,    24.942900,   -18.946242
   31.613850,    16.600262,    25.905399,    10.433862
   21.155992,     7.527475,   -23.433926,     3.230700
    7.513962,    30.471479,   -33.205426,    46.960209
   76.683098,    27.452655,    10.304349,     3.056367
   81.309019,    10.287410,    -9.300779,    -6.715061
   34.427681,    72.868692,    27.133098,    19.464281
   54.246307,    48.680509,    -7.991620,   -18.465957
    4.381845,    30.527790,  -223.128420,    14.836002
   31.723061,    38.406142,    13.334311,     9.880489
   78.968683,    11.825863,    -9.106556,   -20.185208
   46.142171,    43.156246,  -181.028565,  -201.036071
   56.418065,    12.184546,   -36.243033,    51.482242
   22.926954,    15.386566,    83.276417,     3.072922
   45.457299,    71.266860,   -11.643209,    18.578377
  103.680758,    39.829598,   -80.811899,    18.428285
   95.769171,    44.019562,    10.176554,    38.341563
   77.778795,    43.945702,   -14.163894,    24.679668
   81.860743,     3.676100,     4.042551,     1.501868
   91.295130,    87.231053,   -18.918192,   -42.088152
   62.811312,    38.522522,    -1.051785,    -8.604619
   71.536026,     4.432417,   -26.147961,    23.129058
   80.501409,    64.702039,   -16.655841,    -6.859003
   66.519679,     4.588493,   -19.314672,    17.941489
   78.439897,    65.200251,     1.868715,     6.677393
   70.227788,    86.815404,    40.658718,   -29.697655
   16.396445,     7.130045,   101.218065,   381.610519
   62.243983,    47.734619,    25.080173,   -35.464803
   95.269583,    61.929205,    -3.646879,   -13.737192
   66.240253,    59.233792,     9.310280,     0.043328
   76.356323,     2.942385,   -33.500395,    10.337601
   94.022099,    13.708340,     3.062351,   -22.702572
   11.100719,    75.966389,   -40.283499,    43.710486
   91.543122,    73.930414,    -6.247130,    -2.161461
   74.732226,    59.126685,    27.064467,    12.910204
   62.796923,    86.920115,   740.986623,    55.002057
   71.769675,    63.104872,    40.080107,    57.112536
   52.971475,    67.890970,   -13.241440,   -38.689187
   17.352903,    47.422966,    48.984060,    93.581485
   51.616743,     5.506816,     1.372816,    11.242855
    3.194023,    46.566693,    11.091088,     2.263406
   13.122994,     2.834760,   -54.987319,   -23.875443
   50.537490,    88.009707,   -69.818918,    23.530117
   38.987097,    48.625208,    -0.853161,     6.096840
   51.209375,    51.957287,    26.582086,    32.008959
   18.246982,    75.543918,    55.058489,    28.346327
   29.109230,    17.891302,    35.717181,    27.381017
   97.525837,    88.683016,    -1.103118,    10.209101
   46.386135,    62.035056,    28.141855,    -3.006392
    9.115359,    23.424101,   -22.226022,    50.622456
    2.629343,    63.969946,    68.442056,    -3.784521
   39.826372,    26.210042,   -40.327219,   -20.347123
   27.510355,    25.608014,    -3.763416,     8.396911
   38.974372,    73.381313,    28.612465,    -9.866902
   65.517715,    -6.943817,   -69.258849,   128.659342
   57.748127,    59.555383,   -10.441744,   -36.748335
   72.694472,    80.040427,    98.714762,    44.013822
   95.356775,    85.098962,   -23.785182,    -1.870713
   40.469382,    16.586357,   -19.436518,    -8.402630
   47.427249,     5.617258,    -6.231885,     2.364819
    4.203999,    95.494896,     1.306103,   -82.344024
   48.232603,    26.181014,   -11.041132,    18.599974
    4.801409,    33.305651,    -1.249525,     3.574315
   45.003951,    82.739510,   -32.900903,    -2.112259
   37.085129,    69.932428,    17.156692,    -2.732706
   50.445463,     2.655188,   -13.920852,    20.476725
   74.879816,    20.132210,   -33.488020,   -37.845339
   18.629932,    64.670902,    32.144223,   -64.563331
   95.367475,    45.205935,  -200.717981,   125.214227
   72.193752,    39.932112,   -12.317268,   -61.227956
  116.246880,    18.975055,  -226.805385,   -10.119338
   15.262253,    90.347557,    18.007965,    77.229971
   14.792779,    13.072921,   -25.350672,    74.644279
   16.246917,     6.506350,  -104.633132,  -304.216912
   57.766052,    68.814407,   -24.097904,   -41.842402
   13.919617,    48.580852,   965.414298,  2507.646370
   13.951801,    48.665563,  -939.414743, -2498.632638
   28.278758,    40.371765,   -54.300665,    46.708460
   55.838919,    98.922582,    10.152705,   -16.529219
   37.644586,    83.159275,    -6.927510,    11.005236
   86.964759,    39.605731,   -33.569122,     2.334368
   44.802395,    76.862214,   -16.667578,   -59.674975
   97.067905,    15.994187,   -24.413691,    41.394132
   49.434600,    66.068054,  -308.198809,   483.268778
