x-position, y-position, x-velocity, y-velocity
   97.281022,    41.322254,    -3.539110,     3.961464
   58.863113,    35.055158,     0.312123,     1.016826
   97.623616,    70.402410,    -1.385900,    -0.988809
   74.791123,    73.498901,    -0.038851,     0.057236
   29.903726,    44.803498,     2.626453,     6.253808
   37.330919,    71.879081,    -3.275519,    -2.402741
   13.172040,    82.714241,     2.138315,    -3.201798
    2.628042,    29.330332,     0.197456,    -0.391873
   35.297575,    58.426834,    -0.024514,     0.018672
   43.390914,    28.105474,     3.914838,    -0.195436
   23.086033,    85.884244,     1.019648,     1.981923
   13.545127,    25.965290,    -0.135583,    -0.339892
   88.204578,    82.418349,    -0.933232,    -0.732548
   41.948003,    72.351200,     0.612476,     2.488285
   65.487487,    10.607509,   -38.125796,   -25.375480
   44.461225,    35.496996,   -47.587809,    17.201820
    2.468227,    28.387669,    -0.166619,    -0.120400
   66.002841,    25.071506,     0.611521,     0.067726
   62.857627,    66.065207,    -1.282317,    -0.528109
   32.976845,    61.110297,     0.001999,     0.000832
    3.283201,    24.475135,    13.362280,    -5.637768
   35.252385,    94.305496,    -1.848980,    -5.075592
   21.862136,    85.536341,    -1.015479,     1.842187
   91.684137,    11.322324,   -19.950250,   -21.194189
   60.540967,    13.031561,     0.164787,    -3.787555
   46.845578,    51.399200,    -9.676136,    -1.839596
   49.024136,    15.519869,     0.898724,    -0.647083
   33.579940,    97.888247,    -0.101461,     0.016454
   14.355114,    21.052882,     2.793420,    -2.608158
   75.115240,    73.006730,    -0.134431,     0.148050
   59.816587,    33.512830,   -10.483539,     6.032994
   77.398686,    88.889649,     4.069192,     5.790142
   89.801659,    54.871142,    -0.169586,     0.231648
   63.432621,    96.021360,    -0.931438,     0.005300
   15.927787,    93.017349,     0.008866,     0.000127
   56.102273,    64.135087,    -0.969547,     0.776261
   97.598027,    30.348652,    -0.571956,     0.656058
   99.097688,    16.781517,    -1.689391,    -3.710296
   26.269307,    84.602695,    -0.013029,     0.100626
   56.196769,    63.596722,    -0.005962,     0.419112
   63.771452,    65.555656,    -0.744507,    -1.462254
   52.006220,    19.411145,   -12.731133,   -11.945983
   97.940980,    79.985731,     0.077663,    -0.006434
   90.293232,    39.709929,     0.000387,    -0.000063
   65.785326,    11.786082,    -0.565119,    -0.251089
   80.376963,    98.226646,     2.196781,    -6.775260
   47.424879,    16.256985,     0.446531,     2.197593
   92.711254,    70.197216,    -0.177490,    -0.126031
   15.524993,    53.003959,     0.134674,    -0.273566
   45.012351,    76.427721,    -3.948615,     0.389212
   97.687570,    55.898046,    -3.426347,   -12.382702
   34.409346,    87.395995,    -0.060739,     0.051021
   12.477843,    82.212079,    -0.042025,    -3.027284
   61.803032,    95.762200,    -0.025890,     0.006527
   82.006655,    22.974309,    -0.469358,    -0.060088
   94.337824,    57.097668,    -1.313377,     0.073322
   85.547417,    94.560645,     4.384276,    -1.606901
   44.022797,    84.531952,    -6.319899,    -0.795113
   37.670834,    18.349274,    -8.974499,     2.700924
   42.988321,    71.378136,     0.437805,     0.181564
   45.515533,    90.159356,    -8.853476,   -33.107474
   98.759486,     3.756620,    -0.939576,     0.212854
   99.049080,    91.757229,     0.000000,     0.000000
   75.392432,    71.715241,     0.191621,     0.681546
   98.033876,    73.602675,    -1.622243,    -1.416568
   12.584036,    91.861088,     1.182312,    -0.681434
   65.174156,     5.599312,    -9.099439,     0.749766
   76.696821,    53.053689,     0.486146,     1.068256
   94.212547,     6.644836,    -0.100914,    -1.561344
   39.584017,    34.604155,   -79.871840,    44.923240
   82.574203,    69.427244,     0.207735,     0.062726
   66.126074,    33.840329,     2.353762,     0.816320
   12.586013,    76.266744,     7.976029,     0.960961
   44.966171,    75.818415,    -3.120545,    -0.437884
   40.004269,    32.206228,  -106.195849,    -4.463028
   14.617637,     9.685509,     0.005647,    -0.012939
   59.144675,     6.000611,    -0.043307,     1.551440
   52.704766,    80.417064,    -0.286979,     1.805966
   89.119821,    70.738964,     0.085279,     0.487657
   37.046583,    40.996499,     1.481865,     2.455595
   66.966894,    51.484203,    -0.042656,    -0.612534
   66.887853,    51.048688,     0.040942,    -0.290479
   48.243972,    58.556826,    -0.603104,     2.085645
   28.934014,    59.187863,     1.171343,     0.005981
    8.675248,    30.555688,    -0.060856,     0.203905
   10.580602,    30.712881,    -0.539913,     0.616690
   55.377308,     8.304660,    -0.000360,     0.000220
   38.634395,    97.997246,     0.428936,    -0.439397
   28.601696,     9.153613,  -133.563639,   -78.686393
   78.838126,    79.414747,    -0.139593,     0.720844
   65.248960,    32.641588,     1.245066,     0.095057
   75.940612,    23.884621,    -7.558155,    -4.138843
   79.646931,    33.413989,   -37.999703,    11.850654
   12.310193,    62.188213,     0.000000,     0.000000
   32.494531,    93.832451,    -0.075031,    -0.026852
   60.083425,    99.226116,    -0.002238,     0.000071
    5.732837,    23.138052,     0.120263,    -0.250663
   13.325062,    94.226980,     0.465836,    -0.248182
   22.257041,    85.876893,    -0.027316,     1.691436
   10.947964,    70.184198,     0.008701,    -0.063945
   16.666844,    55.451547,     6.307613,     2.726180
   28.142818,    45.619547,     0.564693,     0.934993
   46.936469,    23.163352,     1.798972,    -2.622805
   21.627872,    89.871838,    -0.002166,     0.012243
   57.019289,    15.316014,    -0.076738,    -0.061819
    6.296537,    72.353886,     0.796043,     4.439923
   42.207866,    46.270545,    -0.534238,    -0.028248
   40.418849,    31.596960,   -10.988788,     3.857466
   97.728499,    48.592976,     0.232707,    -0.092800
   70.320981,    62.358101,     0.578056,    -3.043409
    3.097782,    81.405010,     0.670162,     0.052278
   47.551668,    78.751184,     1.746529,   -20.629007
    8.004811,    30.311271,     0.444811,     0.276159
   84.137996,    58.021828,    -0.000000,     0.000000
   58.518406,    67.763351,     0.360176,    -0.384727
   58.395564,    14.844030,    -0.183469,    -0.191727
  100.063887,    57.334993,   -34.637825,    33.762622
   11.913191,    16.746697,    -0.422495,     0.018333
   84.189664,    53.924836,    -0.000020,    -0.000003
   84.143857,    72.699727,     0.103257,     0.020305
   75.624699,    22.572759,    -1.589187,    -2.340188
   84.600955,    20.336243,    -0.437351,    -0.851596
   53.591523,    97.358875,     0.336504,     0.087417
   65.040858,    98.208138,    -0.625969,    -0.401700
   39.048196,    54.500520,    -7.757966,    11.008159
   43.881341,    22.588013,     1.996330,    -2.950986
   36.215284,    22.371162,    -0.022946,     0.054709
   70.256852,    56.910609,   -23.180515,    40.741882
   42.752019,    87.417061,    -1.839749,     0.432318
   47.407269,     2.507252,     0.169393,     1.121952
   71.168446,    26.295280,    26.375448,     0.092886
   62.002470,     8.101484,    -2.477846,    -0.529968
   27.090602,    45.814484,     0.167438,     1.301286
   93.254806,    14.898048,    -1.606002,    -0.088640
   49.588129,    15.001372,     5.614872,    -3.474250
   80.414115,    31.118459,    -1.692080,    -0.523754
   91.100787,    59.416366,    -4.323810,    -0.516098
   63.933370,    66.627376,    -2.405946,    -1.598851
   22.729590,    89.698841,     0.000828,     0.014531
   85.912646,    75.634619,     0.061279,     0.004554
   78.124292,    64.694919,     0.672372,     0.262166
   20.299019,    36.591859,    -3.393625,     3.821439
   41.295137,    31.265399,   -12.135437,   -15.217560
   50.344487,    60.726436,    -5.722597,     0.361645
   96.789788,    98.778218,     0.000000,     0.000000
   93.638515,    62.523707,    -0.969723,     4.543095
   32.860887,    38.439260,    -0.466425,     0.379680
   92.372872,    33.761849,     0.182210,    -0.596256
   34.559918,    74.800076,    -0.021610,     0.012013
   93.022144,    57.311022,    -0.211000,    -0.109495
   60.313610,    51.928690,     1.043808,     1.013679
   66.781715,    71.176692,    10.686697,     3.652064
   18.248617,    68.848352,    -0.057956,     0.042603
   37.651559,    17.882634,   -11.224305,     2.127935
   11.760477,    12.789136,    -1.162904,    -2.323195
   37.622807,    43.294022,     0.242508,    -0.184442
   60.562650,    47.910251,    -6.166587,     0.462762
   49.508771,    46.553778,    -3.421985,     1.720753
   47.065717,    69.326598,    -0.158728,     0.080795
   32.619627,    29.748774,     0.511861,    -0.385609
   20.876656,    25.972923,    -2.569409,     1.342804
   19.823959,    19.049815,    -0.272444,    -0.071647
   42.162825,    42.747467,    -0.024353,     0.100831
   97.549350,    69.054588,    -0.469826,    -0.323764
   54.765481,    14.906628,     0.012667,    -0.052560
   13.845391,    14.388827,    -0.263588,    -1.266530
   83.770462,    67.849564,     0.624874,     0.246403
   84.736281,    57.991845,    -0.000010,     0.000006
   62.359858,    44.894953,    -3.932144,   -19.629455
   51.961596,    79.692812,    -1.329104,     1.550307
   61.455872,    76.839627,    -2.015139,    -0.178365
   59.846684,    90.403349,    -6.475570,     0.585243
   85.895224,     0.424557,   -15.463499,    25.329403
   10.600250,    32.355988,    -0.327487,    -0.230785
   89.139882,    65.411711,     0.474330,     0.113833
   63.803998,    13.904777,     0.070512,    -0.041490
   23.226059,    81.746878,    -0.699644,     0.558012
   17.264715,    54.465752,     6.517621,    -3.691673
    2.863391,    27.135723,    -0.494992,     0.447218
   24.771075,    82.031081,     0.940975,     4.116375
   31.921673,    51.581577,     0.000000,     0.000000
   81.159242,    50.978297,     0.002546,    -0.000454
   57.798132,    96.215610,    -0.000142,    -0.000025
   82.799806,    55.473282,     0.000000,     0.000000
   13.034477,    15.395235,    -4.471399,    -0.638183
   17.253328,    20.241936,     0.108720,    -0.161841
   23.450152,    60.251511,    -9.254230,    65.002190
   27.319484,    97.039049,     0.000000,     0.000000
   54.193270,    83.507500,    -0.589465,     5.349552
   64.260420,     8.098932,     1.529479,    -5.813645
   11.392860,    44.300164,     8.148340,   -10.625297
   48.852664,    15.566871,    -2.800260,   -13.971737
   11.385434,    61.716338,     0.000000,     0.000000
   61.674090,     9.333058,    -0.694588,    -0.242889
   41.183823,    72.708410,    -0.482057,    -0.617398
   67.536454,    76.533145,    -4.739834,    -2.225641
   94.343972,    34.763211,     0.003597,     0.001161
   16.456447,    67.901038,    -0.018806,    -0.976078
   48.442159,     4.659342,  -107.767107,    38.344957
   14.413279,     9.460325,     0.004419,    -0.009125
