x-position, y-position, x-velocity, y-velocity
   99.050577,    39.341522,    -3.539110,     3.961464
   58.576052,    34.742831,     0.587306,     0.611238
   97.761894,    70.904053,     1.389481,    -1.016225
   74.809120,    73.473132,    -0.034283,     0.048078
   28.851967,    41.766596,     1.480288,     5.705444
   38.972634,    73.077144,    -3.288539,    -2.393047
   12.129481,    84.824679,     2.039549,    -5.993611
    2.520618,    29.544756,     0.256573,    -0.482768
   35.303959,    58.423646,    -0.012768,     0.006377
   41.004087,    27.959115,     4.988358,     0.414757
   22.573866,    84.892270,     1.027483,     1.985188
   13.612918,    26.135237,    -0.135583,    -0.339892
   88.671194,    82.784623,    -0.933232,    -0.732548
   41.838368,    70.941079,     0.250601,     2.952686
   86.989398,    23.607944,   -53.711863,   -20.332510
   56.135260,    37.844470,   -17.249350,   -10.131721
    2.530472,    28.463874,    -0.040608,    -0.215319
   65.783719,    24.997863,     0.145614,     0.274610
   63.478360,    66.317386,    -1.225174,    -0.493676
   32.976131,    61.110013,     0.001086,     0.000419
    7.527511,    27.154525,   -14.409910,    -5.097632
   36.196797,    96.849288,    -1.902972,    -5.095278
   22.326565,    84.485130,    -0.828797,     2.574964
   97.754947,    22.420789,    21.516691,   -25.089609
   60.366596,    14.974380,     0.359318,    -3.891585
   51.681488,    52.324594,    -9.670799,    -1.855389
   48.639839,    15.341569,     0.691013,     0.647004
   33.630670,    97.880020,    -0.101461,     0.016454
   12.952169,    22.366042,     2.810888,    -2.632780
   75.182878,    72.934555,    -0.136064,     0.142355
   61.882009,    32.508104,     0.265765,    -0.920940
   75.364090,    85.994578,     4.069192,     5.790142
   89.835921,    54.824912,    -0.001080,    -0.001269
   63.901851,    96.018863,    -0.942125,     0.004965
   15.924387,    93.017435,     0.005564,    -0.000298
   56.611977,    63.793400,    -1.150322,     0.465417
   97.884063,    30.020545,    -0.572144,     0.656312
   99.915085,    18.299217,    -1.416406,    -0.335819
   26.283009,    84.560461,    -0.033815,     0.078134
   56.174325,    63.339875,     0.176372,     0.732771
   64.131743,    66.246724,    -0.700769,    -1.345325
   54.693163,    22.151004,    -0.416454,    -1.067450
   97.902149,    79.988948,     0.077663,    -0.006434
   90.293038,    39.709960,     0.000387,    -0.000063
   65.851629,    11.819300,    -0.024959,    -0.020021
   79.278572,    94.839016,     2.196781,     6.775260
   46.825377,    14.775752,     1.430926,     3.185120
   92.799830,    70.260203,    -0.177106,    -0.125931
   15.490216,    53.068324,    -0.013558,     0.005790
   46.944255,    76.176834,    -4.100136,     0.334919
   97.371936,    62.104816,     2.301856,   -12.745671
   34.439715,    87.370484,    -0.060739,     0.051021
   12.472205,    83.219046,     0.056845,    -0.241198
   61.812364,    95.759415,    -0.014575,     0.001138
   82.241342,    23.004348,    -0.469445,    -0.060041
   94.691727,    57.322036,    -0.566133,    -0.553803
   83.355279,    95.364096,     4.384276,    -1.606901
   46.304884,    84.635501,    -1.867533,     0.691113
   38.401301,    18.158931,     0.419888,    -0.205141
   42.782024,    71.283344,     0.305916,     0.188059
   50.046864,    93.491516,    -9.017563,    33.443975
   99.229648,     3.649946,    -0.940601,     0.213540
   99.049080,    91.757229,     0.000000,     0.000000
   75.297628,    71.369769,     0.188686,     0.696398
   97.222619,    74.315501,     1.622945,    -1.431705
   11.992067,    92.201553,     1.184908,    -0.680679
   67.506235,     5.457161,    -1.665329,    -0.267295
   76.496209,    52.624329,     0.344631,     0.719023
   94.324290,     7.203140,    -0.568090,     0.389578
   56.448810,    25.061201,    -2.745293,     1.178175
   82.470333,    69.395876,     0.207743,     0.062743
   64.949193,    33.432169,     2.353762,     0.816320
    8.597925,    75.783860,     7.977183,     0.962083
   46.458025,    75.964020,    -2.745616,    -0.112462
   79.192376,    17.810746,     6.299079,    47.246739
   14.616074,     9.689511,     0.001810,    -0.004452
   59.151055,     5.846832,    -0.003523,    -0.001814
   52.868197,    79.511846,    -0.336832,     1.811552
   89.077020,    70.495130,     0.085817,     0.487677
   36.302221,    39.758513,     1.491422,     2.483933
   66.947177,    51.801195,    -0.114775,    -0.592666
   66.816997,    51.126599,     0.040437,    -0.003657
   48.534204,    57.503420,    -0.572176,     2.113209
   28.348057,    59.184741,     1.172256,     0.006394
    8.718367,    30.458375,    -0.099386,     0.190065
   10.852964,    30.401458,    -0.547613,     0.626183
   55.377308,     8.304660,    -0.000000,     0.000000
   38.419927,    97.865426,     0.428936,     0.439397
   81.882975,    42.356336,   397.349422,   -70.630481
   78.907923,    79.054325,    -0.139593,     0.720844
   64.626428,    32.594059,     1.245066,     0.095057
   78.285971,    25.082666,     0.501399,    -0.243400
   98.963577,    27.592965,   -38.834112,    11.669861
   12.310193,    62.188213,     0.000000,     0.000000
   32.512124,    93.839882,    -0.021039,    -0.007167
   60.084317,    99.226096,    -0.001496,     0.000022
    5.751512,    23.212346,    -0.038391,    -0.078328
   13.091925,    94.351173,     0.466541,    -0.248512
   22.312036,    85.160278,    -0.208128,     0.961312
   10.944501,    70.215606,     0.002370,    -0.058726
   10.918237,    55.638460,    13.024458,    -1.281806
   27.842746,    45.300040,     0.510653,     0.283152
   46.037089,    24.474773,     1.798620,    -2.622863
   21.628368,    89.868774,    -0.000397,     0.002760
   57.057478,    15.346989,    -0.076142,    -0.062033
    5.897754,    70.134028,     0.801116,     4.439310
   42.475060,    46.284853,    -0.534487,    -0.028852
   40.411762,    31.562246,     0.090984,     0.091175
   97.681957,    48.611536,     0.000000,     0.000000
   70.033331,    63.996807,     0.575301,    -3.277413
    2.762701,    81.378871,     0.670162,     0.052278
   47.639054,    89.457521,    -2.964012,   -22.328746
    7.766710,    30.167815,     0.492888,     0.292263
   84.137996,    58.021828,     0.000000,     0.000000
   58.337405,    67.956968,     0.362413,    -0.388672
   58.487520,    14.939830,    -0.184206,    -0.191521
   81.581396,    40.134197,    37.045234,    34.886951
   12.087920,    16.767374,    -0.316961,    -0.055261
   84.189666,    53.924837,     0.000000,     0.000000
   84.092207,    72.689652,     0.103327,     0.020048
   76.053632,    23.244665,     0.625815,    -0.508582
   84.819630,    20.762041,    -0.437351,    -0.851596
   53.438274,    97.307016,     0.261435,     0.128183
   65.354231,    98.409306,    -0.627231,    -0.402753
   42.933051,    48.990292,    -7.769711,    11.020455
   42.883070,    24.063488,     1.996682,    -2.950928
   36.216438,    22.369049,     0.000000,    -0.000000
   81.934727,    36.352532,   -23.364753,    41.238481
   43.542879,    87.104279,    -1.474850,     0.619504
   47.322572,     1.946276,     0.169393,     1.121952
   57.818845,    26.334321,    26.991834,    -0.205405
   63.067640,     8.190396,    -2.077247,    -0.002489
   27.016004,    45.291764,     0.103324,     0.671919
   93.667532,    14.812764,    -0.275444,     0.363666
   49.153371,    14.779629,     0.834570,     0.534948
   80.949017,    31.265371,    -0.914235,    -0.236341
   93.263849,    59.677458,    -4.327786,    -0.525341
   65.175653,    67.472839,    -2.565778,    -1.694187
   22.729374,    89.695274,     0.000198,     0.003150
   85.881995,    75.632364,     0.061314,     0.004494
   77.788106,    64.563836,     0.672372,     0.262166
   21.959455,    34.687885,    -3.029865,     3.753984
   52.392312,    37.159326,   -22.073930,   -11.936604
   53.217106,    60.556197,    -5.753525,     0.334080
   96.789788,    98.778218,     0.000000,     0.000000
   94.124843,    60.251176,    -0.972940,     4.545267
   33.094100,    38.249420,    -0.466425,     0.379680
   92.276110,    34.070640,     0.238775,    -0.702876
   34.566767,    74.797377,    -0.008590,     0.002318
   93.104199,    57.364007,    -0.131389,    -0.094367
   59.752285,    51.433026,     1.277521,     0.983177
   61.431044,    69.343324,    10.745466,     3.622818
   18.277595,    68.827051,    -0.057956,     0.042603
   38.645159,    17.742638,     0.322499,    -0.184620
   12.334941,    13.947723,    -1.137036,    -2.311265
   37.504114,    43.396111,     0.235169,    -0.211955
   63.269985,    47.363844,    -4.884982,     1.594904
   51.221922,    45.687805,    -3.427322,     1.736546
   47.145156,    69.286164,    -0.158973,     0.080914
   32.363696,    29.941579,     0.511861,    -0.385609
   22.161360,    25.301521,    -2.569409,     1.342804
   19.960876,    19.085372,    -0.273985,    -0.071046
   42.175796,    42.697188,    -0.026322,     0.100609
   97.783049,    69.204705,    -0.465136,    -0.281260
   54.769738,    14.910854,    -0.009825,    -0.004050
   13.929881,    14.827892,     0.016908,    -0.449665
   83.458016,    67.726303,     0.624907,     0.246600
   84.736281,    57.991845,     0.000000,     0.000000
   64.701149,    55.035554,    -5.045864,   -20.951339
   52.651719,    78.910600,    -1.393030,     1.567953
   62.463441,    76.928810,    -2.015139,    -0.178365
   63.084506,    90.109630,    -6.475951,     0.592491
   92.379874,    10.594228,    -2.992510,    -0.379091
   10.764592,    32.475197,    -0.329334,    -0.242541
   88.901245,    65.355763,     0.477554,     0.111694
   63.694230,    13.933232,     0.249600,    -0.059682
   23.554206,    81.486713,    -0.567156,     0.432832
   16.568144,    54.834003,    -0.050991,     0.036957
    3.064021,    27.068153,    -0.068352,    -0.079439
   24.319780,    79.941243,     0.814430,     4.278993
   31.921673,    51.581577,     0.000000,     0.000000
   81.158103,    50.978468,     0.002079,    -0.000263
   57.798136,    96.215618,     0.000035,    -0.000009
   82.799806,    55.473282,     0.000000,     0.000000
   15.356871,    15.879429,    -4.871682,    -1.390318
   17.206344,    20.320475,     0.088076,    -0.154707
   27.860779,    27.377755,    -8.353671,    66.899217
   27.319484,    97.039049,     0.000000,     0.000000
   54.488003,    80.832724,    -0.589465,     5.349552
   63.149176,    10.432063,     2.153801,    -4.828475
    7.318691,    49.612813,     8.148340,   -10.625297
   48.139671,    25.336868,     1.310000,   -20.142246
   11.385434,    61.716338,     0.000000,     0.000000
   61.773089,     9.407922,    -0.178350,    -0.174926
   41.207481,    73.176987,     0.034854,    -1.060738
   69.908178,    77.658791,    -4.743448,    -2.251292
   94.342115,    34.762709,     0.003785,     0.000907
   16.465850,    68.389076,    -0.018806,    -0.976078
  105.795204,    19.049187,  -127.351329,   -65.333178
   14.412091,     9.463186,     0.001358,    -0.003793
