x-position, y-position, x-velocity, y-velocity
   95.157305,    43.698479,    -3.545537,     3.920305
   58.945339,    36.412326,     1.018885,     2.084254
   96.790421,    69.824683,    -1.399057,    -0.920375
   74.786198,    73.541349,     0.482998,     0.148987
   31.478215,    48.549927,     2.616500,     6.200983
   35.366786,    70.435912,    -3.417705,    -2.450578
   14.453826,    80.797996,     2.131813,    -3.181592
    2.687185,    28.975116,     0.227925,    -1.077670
   34.527250,    58.320504,    -3.370084,    -0.819962
   45.996526,    27.907176,     6.481929,    -1.005797
   23.697360,    87.071361,     1.018442,     1.975343
   13.461240,    25.766410,    -0.188671,    -0.268932
   87.644639,    81.978820,    -0.933232,    -0.732548
   42.304954,    73.756898,     0.536011,     2.005134
   43.252622,     5.510466,   -36.550496,    24.649873
   17.321600,    45.750676,   -44.146347,    16.832607
    2.558238,    28.229243,     0.682839,    -0.604393
   66.369753,    25.112141,     0.611521,     0.067726
   61.580041,    65.853892,    -2.859210,    -0.413331
   32.957259,    61.124356,    -0.357404,     0.080064
    5.712489,    32.989990,   -39.733444,    19.907118
   34.166724,    91.260510,    -1.796255,    -5.060308
   21.251423,    86.639401,    -1.020246,     1.830923
   79.805528,     2.859555,   -19.721397,    21.119658
   60.632839,    10.780410,     0.126413,    -3.627298
   41.043319,    50.305492,    -9.664817,    -1.792368
   49.465901,    14.711338,     0.672472,    -1.666877
   33.519063,    97.898120,    -0.101461,     0.016454
   15.760109,    23.366134,     1.933229,    10.248304
   75.051601,    73.099773,     0.213690,     0.136503
   53.415504,    36.216812,   -10.738562,     4.160382
   79.835569,    92.355953,     3.935902,     5.637076
   89.699299,    55.005697,    -0.171247,     0.218475
   62.879928,    96.025291,    -0.900794,     0.009985
   15.679615,    93.093884,    -2.639629,     0.466477
   55.520014,    64.600188,    -0.971332,     0.774165
   97.255059,    30.742110,    -0.570924,     0.655223
   98.085009,    14.555468,    -1.685508,    -3.709894
   26.306758,    84.704622,     0.494078,     0.347935
   56.193102,    63.848042,    -0.009044,     0.417946
   61.721245,    64.762775,    -4.707543,    -1.297759
   44.772117,    12.794425,   -11.772085,   -10.643228
   97.987578,    79.981870,     0.077663,    -0.006434
   90.293464,    39.709891,     0.000387,    -0.000063
   65.448706,    11.634930,    -0.555011,    -0.252426
   81.699664,    94.169271,     2.330071,    -6.622194
   47.406698,    17.502297,    -0.238753,     2.006713
   92.604124,    70.122144,    -0.181241,    -0.118206
   15.601849,    53.174699,     0.121514,     0.842699
   43.503580,    76.261492,     0.316232,    -1.486784
   95.597423,    48.518762,    -3.673658,   -12.082240
   34.372764,    87.423611,    -0.060739,     0.029248
   12.451130,    80.401906,    -0.045495,    -3.013463
   61.781255,    95.764858,    -0.056849,    -0.000232
   81.746919,    22.911448,    -0.396429,    -0.149447
   93.572499,    57.138166,    -1.186043,     0.053630
   88.177983,    93.596505,     4.384276,    -1.606901
   40.046492,    83.698440,    -6.688629,    -1.508002
   32.284379,    19.941494,    -9.098516,     2.458618
   43.246149,    71.433229,     0.560111,    -0.162751
   39.290023,    71.651529,   -13.995546,   -26.462856
   98.196346,     3.883992,    -0.936797,     0.211406
   99.049080,    91.757229,     0.000000,     0.000000
   75.520346,    72.116203,     0.337916,     0.606416
   97.060837,    72.753776,    -1.620702,    -1.411842
   13.292404,    91.451785,     1.170720,    -0.688613
   59.765114,     5.789420,    -8.565123,    -0.187504
   76.988509,    53.694642,     0.486146,     1.068256
   94.151392,     5.708371,    -0.103694,    -1.559895
    7.636597,    61.223220,    76.509343,    43.282370
   82.599592,    69.433912,    -0.288522,    -0.092104
   67.382472,    34.106299,     1.878360,     0.084664
   17.374332,    76.832290,     7.986001,     0.926934
   43.211655,    75.281504,    -2.241857,    -1.612934
    5.313756,    23.188859,   -26.184872,   -74.043258
   14.624147,     9.672892,     0.030805,    -0.051483
   58.672632,     6.629276,    -1.356242,     1.189488
   52.532579,    81.500644,    -0.286979,     1.805966
   89.130124,    71.248637,    -0.050672,     1.211086
   37.827789,    42.564103,     1.267676,     2.153527
   66.946412,    51.147425,    -0.026168,    -0.508082
   66.907307,    50.843658,     0.024455,    -0.394931
   47.856146,    59.737888,    -0.673024,     1.839729
   29.636196,    59.191300,     1.153388,     0.001696
   16.049052,    37.074492,    26.595679,  -117.706183
   20.337914,    31.630020,    99.700732,     5.600368
   55.217836,     8.472529,    -0.402460,     0.414389
   38.891757,    97.733607,     0.428936,    -0.439397
   53.347705,    35.726674,   123.671732,    62.689293
   78.754370,    79.847253,    -0.531236,     1.596500
   65.968175,    32.647978,     1.169073,    -0.081413
   71.484387,    21.326966,    -7.400819,    -4.287541
   57.177442,    40.874301,   -36.573784,    13.344542
   12.310193,    62.188213,     1.136082,     0.239030
   32.425924,    93.818967,    -0.127754,    -0.020363
   60.081834,    99.226153,    -0.003254,     0.000089
    5.940826,     8.531178,     0.067130,   -36.205220
   13.570149,    94.090925,    -0.070122,    -0.301145
   22.239386,    86.890590,    -0.033420,     1.687410
   10.953184,    70.145831,     0.008701,    -0.063945
   20.451412,    57.087255,     6.307613,     2.726180
   28.460040,    46.231091,     0.492716,     1.103487
   48.009597,    21.600431,     1.787827,    -2.589625
   21.693137,    90.022084,     0.332024,     0.721470
   56.975269,    15.279698,    -0.060350,    -0.054100
    6.774163,    75.017840,     0.796043,     4.439923
   41.883956,    46.243791,    -0.545668,    -0.073827
   33.833326,    33.918846,   -10.945278,     3.892828
   97.902713,    48.487613,     0.486445,    -0.352102
   70.667815,    60.532056,     0.578056,    -3.043409
    3.499879,    81.436376,     0.670162,     0.052278
   48.895884,    66.619139,     2.873226,   -19.594672
    7.093573,    31.318259,    -8.918111,     9.105365
   84.136984,    58.021599,    -0.008476,    -0.002003
   58.681294,    67.524022,     0.164452,    -0.401685
   58.285714,    14.728918,    -0.179080,    -0.190858
   80.036883,    76.979741,   -31.717344,    30.831668
   10.964943,    16.905715,    -2.713265,     0.453393
   84.189642,    53.924833,    -0.000059,    -0.000011
   84.040703,    72.862086,    -0.722442,     0.770607
   74.743658,    20.922935,    -1.470810,    -2.752139
   84.338544,    19.825285,    -0.437351,    -0.851596
   53.793393,    97.411334,     0.336369,     0.087456
   64.665718,    97.967445,    -0.624133,    -0.400389
   35.170441,    61.209541,    -4.035038,    11.771848
   45.078009,    20.818962,     1.986345,    -2.936945
   36.265073,    22.267544,     0.687378,    -1.213879
   59.060432,    80.599530,   -16.422182,    38.594078
   41.648169,    87.676452,    -1.839749,     0.432318
   47.431363,     3.238542,    -0.214614,     1.345445
   86.799941,    26.645708,    25.942663,     0.663157
   60.499295,     7.823479,    -2.515535,    -0.357818
   27.215212,    46.690019,     0.288172,     1.775108
   92.290249,    14.844735,    -1.609885,    -0.089042
   52.927765,    12.848913,     5.480488,    -3.648925
   79.419623,    30.856379,    -1.634502,    -0.364545
   88.509884,    59.111735,    -4.301104,    -0.497821
   61.918860,    66.136677,    -3.546699,    -0.244445
   22.800732,    89.800345,     0.353543,     0.474009
   85.944370,    75.685867,     0.036312,     0.247549
   78.527715,    64.852218,     0.672372,     0.262166
   18.287416,    38.878255,    33.608821,    22.442671
   33.960189,    22.308857,   -12.655046,   -13.648922
   46.936892,    61.013748,    -5.664069,     0.574963
   96.789788,    98.778218,     0.000000,     0.000000
   92.845062,    65.407368,    -1.379681,     4.844285
   31.262777,    38.432874,    -3.767751,    -0.196350
   92.482060,    33.404179,     0.181469,    -0.595820
   34.545773,    74.808809,    -0.023968,     0.015062
   92.873109,    57.248964,    -0.337229,    -0.089195
   60.939894,    52.536897,     1.043808,     1.013679
   73.148337,    73.345717,     9.676334,     3.611269
   17.946727,    69.004972,    -0.592188,     0.304719
   30.916739,    19.145445,   -11.264742,     2.054413
   11.066423,    11.393256,    -1.134522,    -2.385001
   37.776887,    43.245350,     0.253253,     0.428520
   56.862697,    48.187908,    -6.166587,     0.462762
   47.455659,    47.586246,    -3.420301,     1.721125
   46.793461,    69.168181,    -1.010445,    -0.836658
   32.911391,    29.514323,     0.448468,    -0.415677
   19.335626,    26.779530,    -2.552736,     1.365867
   20.443816,    19.352987,     2.337032,     1.082760
   42.149781,    42.808171,    -0.017752,     0.101327
   97.269732,    68.844020,    -0.449450,    -0.391446
   54.789921,    14.879885,     0.101947,    -0.002592
   12.426081,    12.481509,    -4.433420,    -4.998869
   84.096256,    68.001885,     0.461087,     0.261387
   84.734255,    57.991340,    -0.013644,    -0.003694
   60.069931,    33.210568,    -3.633625,   -19.211012
   51.164134,    80.622996,    -1.329104,     1.550307
   60.217800,    76.795871,    -2.159110,     0.138208
   55.962647,    90.751804,    -6.464876,     0.591842
   76.525583,    15.592387,   -15.665785,    25.175400
   12.296087,    33.523928,    18.476287,    12.633936
   89.239512,    65.544914,    -0.002901,     0.277758
   63.846024,    13.880216,     0.069398,    -0.040098
   23.235360,    82.506765,     0.729322,     1.973712
   21.175287,    52.250748,     6.517621,    -3.691673
    2.536171,    27.422351,    -0.568801,     0.322296
   25.367603,    84.515862,     0.694563,     4.055256
   31.923055,    51.587434,     0.009954,     0.052824
   81.160770,    50.978024,     0.002546,    -0.000454
   57.797403,    96.219458,    -0.001740,     0.009765
   82.799806,    55.473282,    -0.000000,    -0.000000
    9.880092,    14.838641,    -6.022535,    -1.163032
   18.346703,    21.668137,     3.522828,     4.910109
   17.813298,    98.321078,    -7.888441,   -60.620163
   27.319484,    97.039049,     0.000000,     0.000000
   53.838843,    86.716055,    -0.598931,     5.333144
   65.192978,     4.794524,     1.559221,    -5.446087
   16.257292,    37.931454,    17.859762,   148.347812
   47.171106,     7.202178,    -2.788708,   -13.677140
   11.385434,    61.716338,     2.213254,     0.285575
   61.253360,     9.197288,    -0.681442,    -0.261150
   40.910278,    72.114348,    -0.279675,    -2.710113
   64.743178,    75.259227,    -4.478825,    -1.972150
   94.346061,    34.764001,     0.003306,     0.001560
   16.445164,    67.315391,    -0.018806,    -0.976078
    6.211206,    28.077138,    97.634094,    34.666955
   14.418845,     9.448054,     0.027599,    -0.054292
