x-position, y-position, x-velocity, y-velocity
   99.758399,    37.756936,     0.000000,     0.000000
   57.058906,    32.805249,    -0.057475,    -0.018439
   96.625622,    71.781460,     0.000000,     0.000000
   75.044841,    73.241070,     0.000000,     0.000000
   35.336648,    37.555968,    -1.043014,    -0.517090
   48.583053,    83.064506,     0.000000,     0.000000
    8.301672,    95.412773,     0.000000,     0.000000
    1.529614,    31.532355,    -0.002286,    -0.010569
   35.359113,    58.395836,    -0.007689,     0.005000
   34.882138,    24.111438,     0.000000,     0.000000
   22.577221,    84.595943,     0.000000,     0.000000
   14.106325,    26.508460,    -0.109035,    -0.057306
   90.151927,    84.134620,     0.000000,     0.000000
   39.646044,    56.538673,     0.513795,     3.298166
   45.102747,    62.535467,     0.000000,     0.000000
   66.531286,    49.591647,    -0.000000,    -0.000000
    2.594623,    29.199190,    -0.002147,    -0.004760
   65.434629,    24.320359,     0.000000,     0.000000
   65.007317,    65.584474,     0.042781,     0.326172
   32.975742,    61.109864,    -0.000000,     0.000000
   83.054099,    40.831721,    -1.270763,     0.175595
   40.727405,    85.030674,     0.000000,     0.000000
   21.480559,    64.124081,     0.000000,     0.000000
   96.885407,    26.623510,    -0.000000,    -0.000000
   59.134303,    30.985740,    -0.487427,    -2.739278
   67.780966,    56.481429,     0.519626,    -0.465488
   46.231349,    13.025382,     0.000000,     0.000000
   33.671497,    97.868469,     0.000000,     0.000000
    4.650422,    34.008215,    -4.184067,    -3.239948
   75.789877,    72.349177,    -0.009929,     0.027113
   60.963633,    36.468138,     0.000000,     0.000000
   72.185743,    91.078276,     0.000000,     0.000000
   89.836126,    54.825036,     0.000000,     0.000000
   66.164683,    96.007864,     0.000000,     0.000000
   15.920967,    93.017817,     0.000000,     0.000000
   61.619176,    63.698764,     0.000000,     0.000000
   97.887364,    30.265289,     0.000000,    -0.000000
   99.915085,    18.299217,     0.000000,     0.000000
   26.423001,    84.415281,     0.000000,     0.000000
   55.535675,    62.240376,     0.000000,     0.000000
   66.245703,    70.883401,    -0.000026,     0.000067
   55.846508,    25.001554,     0.000000,    -0.000000
   97.798250,    79.998144,     0.000000,     0.000000
   90.291335,    39.710237,     0.000387,    -0.000063
   66.134544,    11.885970,     0.000000,     0.000000
   73.156992,    75.615105,     0.000000,     0.000000
   40.843071,     3.949921,     0.000000,     0.000000
   92.934139,    70.365418,     0.000000,     0.000000
   15.618775,    53.004046,    -0.029191,     0.014646
   67.778401,    75.503423,     0.000000,     0.000000
   77.768537,    66.946152,     5.610623,    18.154492
   34.592933,    87.237392,     0.000000,     0.000000
   12.466067,    83.241409,     0.000000,     0.000000
   61.822549,    95.760864,     0.000000,     0.000000
   82.241097,    23.004476,     0.000000,     0.000000
   94.762371,    58.369787,     0.000000,     0.000000
   73.381737,    99.085290,     0.000000,     0.000000
   50.262787,    84.156768,     0.000000,     0.000000
   38.105372,    18.305741,     0.000000,    -0.000000
   42.729080,    71.244633,     0.000000,     0.000000
   55.726371,    30.846767,    -0.022651,    -0.008813
   99.794009,     3.479114,     0.000000,     0.000000
   99.049080,    91.757229,     0.000000,     0.000000
   74.884658,    69.191855,    -0.088624,     0.069145
   95.422147,    75.919022,     0.000000,     0.000000
   10.234194,    93.340076,     0.000000,     0.000000
   73.668345,     6.445982,     0.000000,     0.000000
   75.424400,    50.396045,     0.000000,     0.000000
   94.738002,     6.890400,     0.000000,     0.000000
   70.911460,    18.014743,     0.000000,     0.000000
   81.567157,    69.147839,     0.055963,     0.032665
   56.279907,    31.342727,    -0.040522,    -0.012742
    7.108852,    73.783829,     0.000000,     0.000000
   48.557697,    75.464673,     0.000000,     0.000000
   82.340284,    63.820830,    55.561751,     1.113912
   14.615660,     9.690718,     0.000000,    -0.000000
   59.152125,     5.847335,     0.000000,     0.000000
   52.476858,    78.156828,     0.000000,     0.000000
   88.701956,    68.396890,     0.000026,     0.000049
   31.077207,    31.845426,    -0.000000,     0.000000
   67.296066,    52.753626,    -0.000056,    -0.000521
   66.829065,    51.073825,    -0.000027,    -0.000169
   50.384841,    48.318676,    -0.252755,     2.054924
   26.895937,    59.176289,     0.000000,     0.000000
    8.581564,    30.429002,     0.005934,    -0.014086
   11.023656,    30.194876,    -0.000139,    -0.000420
   55.377308,     8.304660,     0.000000,     0.000000
   38.182910,    97.519628,     0.000000,     0.000000
    2.499801,    73.088101,     0.000000,     0.000000
   79.498629,    76.050948,     0.000000,     0.000000
   62.492199,    31.584860,     0.026514,    -0.019798
   77.586754,    25.403334,     0.000000,     0.000000
   95.404495,    26.431842,    -0.000000,    -0.000000
   12.310193,    62.188213,     0.000000,     0.000000
   32.527802,    93.841035,     0.000000,     0.000000
   60.085165,    99.226059,     0.000000,     0.000000
    5.767137,    23.257102,     0.000000,    -0.000000
   12.306372,    94.781116,     0.000000,     0.000000
   22.380527,    84.930751,     0.000000,     0.000000
   10.956766,    70.312506,     0.000000,     0.000000
    8.260838,    55.889957,     0.000000,     0.000000
   25.857124,    44.739365,     0.421746,     0.033267
   44.895042,    25.669000,     0.000000,     0.000000
   21.628390,    89.868613,     0.000000,     0.000000
   57.132836,    15.427252,     0.000000,     0.000000
    2.309103,    50.590117,     0.827351,     4.443541
   42.608767,    46.280246,     0.000000,     0.000000
   40.387449,    31.628673,     0.000000,     0.000000
   97.681957,    48.611536,     0.000000,     0.000000
   69.567896,    69.284597,    -0.000039,     0.000742
    1.489393,    81.269088,     0.000000,     0.000000
   33.719096,     5.481793,    17.937786,   -30.345087
    5.630617,    30.017123,     0.001231,    -0.023583
   84.137996,    58.021828,     0.000000,     0.000000
   68.170393,    72.808839,    -0.000000,     0.000000
   58.613131,    15.134560,     0.000000,     0.000000
   73.619066,    34.021995,     0.000000,     0.000000
   12.488232,    16.878590,    -0.000000,    -0.000000
   84.189666,    53.924837,     0.000000,     0.000000
   83.664601,    72.609205,     0.000000,     0.000001
   74.907103,    23.589849,     0.000000,     0.000000
   84.476888,    20.701638,     0.000000,     0.000000
   53.355061,    97.289341,     0.000000,     0.000000
   66.882982,    99.363566,     0.000000,     0.000000
   73.342920,     9.113250,     0.000000,     0.000000
   41.649822,    25.837185,     0.000000,     0.000000
   36.216438,    22.369049,     0.000000,    -0.000000
   73.802327,    20.381935,     0.000000,     0.000000
   47.660449,    85.176252,     0.000000,     0.000000
   46.799918,     5.423553,     0.000000,     0.000000
   76.209479,    86.528195,     0.000000,     0.000000
   70.543483,     7.646239,     0.000000,     0.000000
   26.541284,    43.302839,     0.016027,     0.005244
   93.832798,    14.594565,     0.000000,     0.000000
   46.154255,    12.789662,     0.000000,     0.000000
   81.040440,    31.289005,     0.000000,     0.000000
   90.975957,    61.710463,     0.000020,    -0.000015
   69.778086,    66.804354,    -0.073484,     0.508024
   22.729362,    89.695091,     0.000000,     0.000000
   85.640501,    75.614258,     0.000000,     0.000000
   74.829734,    63.409769,     0.672306,     0.262872
   30.810550,    22.878006,     0.001530,     0.000849
   67.524886,    48.899898,     0.000000,    -0.000000
   62.252690,    61.887017,     0.000000,     0.000000
   96.789788,    98.778218,     0.000000,     0.000000
   99.033691,    56.359574,     0.000000,     0.000000
   34.415560,    37.711694,    -0.113728,     0.000120
   92.155958,    34.421878,     0.000000,    -0.000000
   34.568261,    74.797083,     0.000000,     0.000000
   93.163409,    57.403755,     0.000000,     0.000000
   55.113036,    46.159481,     0.004091,     0.001152
   47.085746,    65.170778,     0.000000,     0.000000
   18.514495,    68.676013,     0.000000,     0.000000
   38.421416,    17.868661,     0.000000,    -0.000000
   17.429014,    25.680151,    -1.137225,    -2.920284
   36.504010,    44.430600,     0.218788,    -0.256103
   66.901966,    46.314481,     0.000000,    -0.000000
   62.236378,    40.130411,     0.000000,     0.000000
   47.425777,    69.145087,     0.000000,     0.000000
   32.308934,    30.589982,    -0.000000,     0.000000
   28.044643,    21.365040,     0.825848,     0.107489
   20.714873,    19.900428,    -0.128829,    -0.226206
   42.127370,    42.480995,     0.000015,    -0.000005
   97.950988,    69.373880,     0.000000,     0.000000
   54.777947,    14.914990,     0.000000,     0.000000
   13.822309,    15.230385,     0.000000,    -0.000000
   80.711944,    66.612117,     0.624404,     0.259332
   84.736281,    57.991845,     0.000000,     0.000000
   71.194251,    77.720101,     0.000000,     0.000000
   53.368353,    77.754361,     0.000000,     0.000000
   66.720246,    76.770056,     0.000000,     0.000000
   90.173187,    87.774561,     0.000000,     0.000000
   94.175262,    10.822165,     0.000000,     0.000000
   12.040209,    33.793796,    -0.286558,    -0.307848
   86.800091,    64.864272,     0.477533,     0.111703
   63.604439,    14.030196,     0.000000,     0.000000
   25.035985,    80.946823,     0.000000,     0.000000
   16.853515,    54.662758,    -0.064884,     0.038881
    3.102330,    27.309506,    -0.000000,    -0.000000
   20.779948,    56.580503,     0.996301,    10.124662
   31.921673,    51.581577,     0.000000,     0.000000
   81.155109,    50.978595,     0.000000,     0.000000
   57.798131,    96.215619,     0.000000,     0.000000
   82.799806,    55.473282,     0.000000,     0.000000
   29.448862,    19.755581,     0.180943,    -0.036770
   16.890853,    20.910250,    -0.000654,    -0.004103
   33.761487,    25.625025,     0.000000,     0.000000
   27.319484,    97.039049,     0.000000,     0.000000
   54.933332,    77.862813,     0.000000,     0.000000
   55.797510,    27.996192,    -0.004265,    -0.004475
    3.251542,    50.324894,     0.580439,     0.336544
   23.205545,    40.196196,     6.782089,    -0.272403
   11.385434,    61.716338,     0.000000,     0.000000
   61.807163,     9.441597,     0.000000,     0.000000
   41.222807,    73.963211,     0.000000,     0.000000
   90.251300,    86.424054,     0.000000,     0.000000
   94.340972,    34.762477,     0.000000,     0.000000
   16.505366,    69.749641,     0.000000,     0.000000
   93.758979,    64.546441,     0.000000,     0.000000
   14.411824,     9.464066,     0.000000,    -0.000000
