x-position, y-position, x-velocity, y-velocity
   52.004430,    48.905696,   -16.795008,   -11.045923
   61.798558,     2.691952,   -23.656390,    32.873601
    8.621698,    25.098500,   -93.717374,    44.134453
   53.146157,    97.497899,    -9.622340,    -5.294985
   87.989695,    90.207681,   -24.593472,   -91.442632
   -1.641351,    83.800534,    73.605505,    20.553801
   44.226914,    88.942235,    33.400640,    -3.794886
   27.410062,    46.268517,   -21.153977,   -56.464648
   30.860316,    79.824504,    -4.606636,    -6.470305
    1.583273,    81.544314,    35.612612,    57.280655
   63.642901,    22.379661,     7.063943,   -22.464576
   17.054442,    71.849697,    11.558356,     8.938187
   73.144850,    84.334353,    -5.911820,     0.996852
    9.625983,    82.121416,   -46.437214,   -12.959635
   28.871824,    10.043177,   -40.444316,   -15.804528
   15.184309,    92.466307,  -254.308053,   212.367195
    3.420554,    59.791218,    -8.310350,    -5.894457
   83.237664,    74.898216,   -53.939809,   -19.232685
   35.749098,    89.463724,  -174.493981,   -52.694067
   54.358113,    32.520547,   -28.182040,    26.052200
   97.034211,    69.753938,    23.181043,    31.935919
   22.596129,    97.548960,   -68.101512,     0.452212
   49.658629,    37.224025,    22.493373,    40.100046
   79.024825,    40.196781,    -3.345275,   -10.339958
   92.517131,    62.519691,     4.689091,   -24.136188
   32.170930,    35.721065,    25.241403,   -68.593824
   47.125924,    19.583654,     1.378375,   -21.056382
   83.008358,    20.812761,     3.444835,    -5.819113
   35.458827,    55.092789,   129.654229,  -137.552831
   10.587666,    68.071979,    -3.210920,    26.832704
   45.430837,    27.851653,   235.381643,   351.562392
   58.281015,    74.169684,    29.239553,   -30.968827
   50.171753,    30.589155,   -46.361072,    51.849251
   58.258074,    37.391344,    46.303650,    15.287794
   33.662129,    90.497508,   -63.535540,    23.276140
   17.129058,    28.761581,   -14.579236,   -27.241513
    6.082878,    26.346757,    65.627584,    32.814114
   93.791973,     1.651176,   -75.006865,   101.200513
   15.847601,    43.938550,   -44.600802,   -21.880476
   33.032650,    86.129584,  -265.505683,    92.238401
   85.720522,    43.418111,    54.021435,    19.867740
   73.221313,    88.287201,   -22.444029,   -22.424201
   31.722591,     3.741988,   -33.637798,    -9.334152
   39.760211,    56.013264,   508.788163,   201.327743
  135.459634,   113.104415,  -429.696191,  -158.896403
   45.577733,    67.008418,     7.466890,   -44.329515
   69.395007,    76.436062,   -13.831835,    -0.891764
   77.386248,   101.606481,    44.376261,   -69.397346
   20.480594,    54.615034,    23.355038,    21.554019
   25.054118,     0.702546,    51.993668,    45.844792
   68.270845,    11.658428,  -107.036700,   -18.949082
   29.772262,    64.535243,    -7.938326,    29.171424
    7.497138,    61.249630,    -0.081288,   -21.146335
   66.874711,    97.818727,   -82.638558,  -104.141287
   10.536218,    49.833917,   110.402597,   -93.404408
   78.842280,    40.670422,    27.688260,     5.564472
   66.962300,    34.815494,     4.195592,    33.566919
   44.488036,    20.355658,   -14.234136,    -2.445860
    2.228925,    90.348037,   -77.457495,   -82.505055
   14.453888,    44.724615,   -99.925207,  -196.210681
   63.996619,    90.676607,     3.525848,   -16.750752
   94.519789,    62.233344,   122.605199,   130.705152
   19.821257,    73.063460,   233.564253,  -150.735978
   30.065051,    96.000312,   -26.552416,    23.685921
   90.989021,    91.041629,    20.207707,  -108.754410
   88.227225,    36.250929,   -13.762643,    35.630957
   64.019983,    86.692741,     2.855204,    51.023017
   58.596638,    20.025491,  -235.166629,    76.664942
   20.566581,    18.206525,   -16.661816,    16.933298
   15.651754,    91.999209,   226.573849,  -251.471665
   76.431916,    59.022290,    29.769523,     5.030621
   60.654868,    92.365897,    -4.728162,    14.710596
   35.609255,    86.752686,    44.462095,   -10.747663
   37.305235,    90.871299,   300.670768,    24.772240
   66.257961,    15.080141,   -33.539872,   -10.253081
   96.681767,    45.917122,   141.041113,   161.388657
   72.925509,    37.155156,   -82.081664,  -116.550858
   32.971360,    13.530054,   -98.687544,  -115.672012
   45.730095,    27.760391,    -3.200235,    -7.953753
   74.955829,    87.321637,   -34.203378,    11.279475
   39.260938,    27.858529,    -9.399804,    -7.874726
   74.093033,    10.517825,     4.101399,   -11.741374
   50.129965,    22.882530,     8.561217,    43.100305
   57.236687,    50.643352,   -15.529295,    -0.523428
   80.381066,    31.137631,    33.688604,    -3.494240
   80.178944,    33.945472,    26.689822,    19.022752
   27.532963,   100.811178,  -430.872416,  -170.306839
   65.696528,    64.673438,    45.172946,   -16.533222
   40.711560,     7.316874,   -57.440441,   -56.906170
   76.529101,    17.358519,    -3.313126,   -18.089431
   78.594328,    37.899552,    35.129332,   -15.139530
   84.155055,    51.826409,  -201.109110,   192.369217
   42.751890,    61.754073,  -110.743199,   -24.308222
   22.806903,    57.237530,   -12.364527,    -2.735808
   80.531446,     5.466041,  -102.774064,   123.503484
   31.730160,    84.011909,   -84.975446,   -46.930311
   39.581178,    15.648788,    -8.238213,    -1.445812
   58.673410,    24.409098,   131.547101,   355.453086
   51.125742,    50.733754,    10.483637,    -1.143956
   76.862815,    21.981917,    19.867007,   -18.426557
    6.158910,    73.792152,    29.476323,    20.044117
   46.698542,    38.738235,    14.166986,   -80.380203
    8.509167,    89.818574,   134.196922,   -13.702983
   60.773690,    73.158445,   -20.433147,    -3.965579
   66.495772,    42.544402,    -9.300098,   -65.108710
   -1.017019,    38.609313,    47.932758,    36.904357
   77.561563,     1.625225,   -11.111292,     8.134937
   40.250219,    77.087474,     4.386288,   -17.001450
    7.276323,    70.498465,   -75.638035,   -51.525501
   53.815323,    19.808853,   -15.632498,   -38.650753
   23.173367,    20.464745,   -58.520704,    29.441746
   31.435701,    47.534442,   -55.036246,     0.887335
   52.397496,    21.450632,    12.972425,    43.906870
  116.869684,    18.432065,  -494.911581,    25.397966
   32.966018,    21.833055,   -22.763942,    35.544422
   94.987878,    47.822689,   -18.064313,   -22.835377
   75.969610,    24.753728,    -2.869592,   -20.139927
   81.394809,    39.297928,    11.301002,     2.398399
   22.172392,    49.589633,   -12.977073,    30.468249
   90.157112,    52.152202,    30.999372,     0.505597
   83.649267,    79.973276,    -7.774260,    16.947830
   19.820105,    71.323596,   -25.692956,    13.835731
   96.991542,    75.646070,   -27.096202,   -14.905348
   76.596972,    47.921532,   121.223818,    49.973340
    5.930022,    71.291347,  -134.881294,    21.388463
   62.939436,    20.380637,     6.811768,   -38.511988
   42.379727,    14.617014,   -13.146668,    -9.218837
   75.717182,    46.199776,    57.299163,     1.708778
   97.789725,    26.089842,   -26.686203,   -15.995323
   73.988464,     8.718723,     5.666822,    -5.554965
   59.499717,    61.591185,    30.070349,   -22.780704
   57.468835,    55.437683,    27.667316,   -31.434180
   12.966247,    86.077897,   -33.490077,    -3.682863
   69.504649,    58.442998,     0.666240,     6.310310
   99.520596,    59.066881,   -17.800595,    20.422040
   29.425681,    57.549818,   -50.330869,    50.781680
   40.107829,    29.105982,    -5.206264,    -3.701002
   13.241039,    68.507175,    -1.864405,    55.769643
   95.392711,    10.009339,    -2.916283,    41.293510
    5.146252,    65.514589,   -20.747778,    18.124284
   31.381061,    16.028669,    75.867293,    37.008997
   48.407642,     2.040589,     6.658708,   177.735302
   36.100032,    20.003805,    32.449786,  -107.326539
   71.837067,    52.382534,   -16.492044,    22.499922
   25.423571,    65.210723,    78.278929,    -8.548174
   31.743706,    46.309544,   -81.375311,   -11.392122
   26.201899,    54.060294,     4.899198,    23.701036
   58.691160,    70.059217,   -12.564028,    29.482426
   82.947399,    64.855213,     8.852383,    13.691330
   -1.101462,    79.670007,   214.026746,    86.837597
   66.298302,    71.405283,    -8.542869,    -2.620311
   35.195696,    20.917727,   286.738347,   -21.071854
   -0.989457,    45.192623,    33.861501,    51.426267
   26.126894,    77.364233,   -25.122419,    23.675737
   40.931236,     8.367217,   -12.275666,    13.589604
   57.914098,    40.607206,    11.485589,    10.072991
   49.525701,    41.432297,  -123.508517,     2.114819
  107.722872,     8.584163,  -125.364377,   -13.049730
   52.088856,    95.616113,    51.772394,   -70.316191
    4.972398,    85.309299,   -40.490992,    38.789116
   73.503200,    91.851569,  -138.892060,   -59.806234
    9.350189,     7.707999,     9.902664,   -81.585119
   94.367082,    50.754108,   -17.242373,    -5.087790
   62.753917,    89.088721,  -197.009808,    -1.067264
   35.723981,    60.289413,  -397.473882,  -180.486264
   41.643601,    38.088154,   -99.361179,    34.346083
   39.384740,    -2.247573,   -19.654722,    52.241885
   41.678609,    13.649386,     8.255905,   -18.399314
   35.207357,    58.305395,     8.253219,     1.816130
   33.935273,    85.018888,    -7.485237,   -12.875417
   75.163516,    63.534615,   117.092069,   -37.948383
   43.693575,   100.547127,   429.916781,   -63.794461
   27.754097,    49.444771,   -51.662037,  -110.799125
   18.817449,    76.276275,   -31.206383,     3.653180
   10.145716,    44.248981,   -18.707065,    24.633944
   33.774606,    31.603324,     2.143403,    61.492542
    4.276216,    74.863045,  -215.412403,    29.328427
   82.132127,    73.002698,   -70.154349,   -11.707027
   53.399179,    49.015669,   -15.314394,    -6.354285
   15.065438,    48.618718,    18.187953,   -19.758222
   93.911342,    50.255721,   -13.380352,   -73.462077
   71.155330,     9.895226,    33.523764,   103.676351
   73.095345,    53.573726,   -52.776412,    51.810477
   86.673223,    48.337453,   -35.678150,     8.564058
   30.810394,     6.064048,   -36.047923,   -21.965306
   53.173295,    84.285787,   -57.536217,   -42.877462
   53.946320,   101.571106,    43.260080,   -63.956529
   28.511118,    61.965436,    -1.037556,    19.236622
    4.442574,     6.952641,  -186.581110,   231.609818
    7.088344,    94.198858,   304.577147,    -9.921557
   76.860208,    42.377840,    19.155354,    24.610953
  110.461048,   299.345493,  -965.414298, -2507.646370
  -79.989674,  -201.197704,   939.414743,  2498.632638
   51.065941,    41.189157,   -15.417298,  -117.816932
   25.780151,     8.431268,     1.076883,    -8.288015
   80.054960,    85.069790,    45.669706,  -102.217049
   88.121890,    25.474550,    -0.820912,     1.245649
   79.463811,    28.862380,    34.141773,    16.073153
   28.856706,    76.910477,    -5.870920,   -10.747312
   91.052108,     8.525288,  -145.435597,   -83.145452
