x-position, y-position, x-velocity, y-velocity
    7.961132,    -0.300499,   -21.118567,    52.424955
   56.637196,    80.531401,    -1.116433,     7.578144
   92.719759,    58.554872,   -10.757557,    -8.489277
   90.527900,    89.349205,   -10.404384,     3.025812
   45.212012,    96.393228,     6.294251,     0.213719
   20.224458,    68.544067,   -18.121631,    10.084964
   19.774565,    27.291012,  -159.375766,    31.988306
   25.363143,    99.722483,    20.663791,   -21.233783
   51.805954,    81.914836,    -8.645090,   111.055547
   47.158912,    64.638183,   -12.752607,   -35.495394
   21.021523,    27.621202,    -0.505504,   -15.991061
   17.267263,    39.444077,    -2.994431,     2.534751
   87.994835,    87.469236,    -1.647633,     7.866656
   28.826569,    76.203639,    -5.380747,     0.277052
    1.680537,    40.804683,     6.814257,     6.185990
   91.778692,    64.685546,   117.144991,    72.809498
   44.018845,    64.098044,   -29.791509,    14.143820
   12.492029,    62.736852,    67.674291,     3.976879
   32.078409,    78.452204,   101.833320,    27.680268
   79.167506,    97.996705,    27.225563,   -32.904005
   47.113211,    76.931471,   -62.031023,   -36.457063
   50.932944,    42.997751,   -82.458869,    45.235882
   10.017394,    61.462232,     4.799274,    13.050465
    6.456087,    33.979044,     3.219226,    17.676634
   70.903644,    12.985759,     1.515167,     7.982676
    9.381613,    72.647160,    10.709111,    81.800013
    4.985586,    57.717002,   -30.324957,    26.686129
   24.625548,     7.626330,    27.178353,    30.215534
   38.982600,    27.478340,   -87.681537,  -128.457955
   46.293019,    52.590616,    -8.432430,    -2.988879
   39.827471,    18.916585,    -6.797340,     4.999265
   53.580898,    50.507198,   -76.813407,  -174.043803
   39.853440,    58.649855,    21.473563,   -12.067807
   47.661580,    19.527561,   -21.949744,   -12.554525
    7.923811,    65.131818,    13.135168,    12.992209
   39.738468,    97.187086,    14.624688,    -4.660181
   91.102484,    37.429030,    -2.921064,    -0.700676
   97.627695,    17.086034,   -37.260211,    27.420935
   40.558543,    89.068739,    14.882516,   -11.343607
    8.960065,    70.159510,  -164.222987,    20.945996
   49.499383,    39.006143,    10.841077,   -21.263257
   46.927473,    88.058700,    41.409208,    58.685459
   47.400049,    33.839518,    14.384684,   -15.656599
   15.204695,    49.086654,   -77.785550,   -81.186452
   98.265213,    47.444608,    -2.669144,    22.793554
    3.616116,    35.742598,    92.627586,   157.571473
   54.902189,    16.084849,    -6.684287,    10.766405
   72.370402,    38.645181,   -14.550386,   -33.685304
   11.579072,    48.942754,    21.757645,   -17.556962
   55.400594,    76.584863,     9.591719,    -1.418809
   67.097077,    59.332154,     4.046019,     8.037625
   86.328949,    57.980614,   -20.372317,   -17.702717
    5.346332,    74.664682,    -7.522879,     7.874363
   90.656796,    39.033889,    -5.125222,   -20.198313
   39.253141,    36.216595,   -35.295645,     1.914698
   58.532027,    58.557210,   -11.360209,     1.596491
   91.905845,    94.404153,    52.061768,    88.371535
   63.388592,    39.740940,    65.989745,   -32.961922
   19.364154,    41.630494,    -0.619198,     7.810865
   34.193789,    71.941574,    -9.699823,    -7.278332
   12.020134,    84.792325,    15.247702,   -61.920148
   96.691332,    12.848025,    -6.168739,    -0.838845
   94.439958,    64.501949,    16.436064,   -19.489546
   85.572297,    96.972996,    -0.216124,    -6.388993
   68.400042,    62.264375,    91.902449,   -35.972005
   51.519163,    77.284688,    28.041786,   -26.649644
   49.585157,    31.820040,     1.295360,     5.546897
   78.357293,    62.152882,     0.771004,     3.821395
   29.121649,    73.734415,    -7.594282,     3.753730
   86.063168,    37.080309,     5.440113,    -8.704425
   90.952632,    26.893400,   -67.765691,    36.557465
   54.410849,    83.375904,     3.472651,   -16.817485
    6.208812,    25.435379,    22.183638,   -23.301754
   63.747063,    30.256221,     5.788107,    30.956484
    8.126014,     6.226410,    36.742061,   -37.150265
   14.974234,    14.435017,   350.092760,   536.602932
   -3.398916,    18.245056,    68.300177,    13.002764
   66.171982,    92.158047,    -7.408607,    -7.636158
   88.724846,    62.385710,   -17.351040,   -11.316214
   40.540545,    42.197567,   -87.635894,    95.620155
   47.768772,    49.656455,    21.226811,    -8.789420
   82.329893,    36.478807,     2.361393,    -2.304241
   23.606946,    27.669490,    10.151921,    73.327127
   30.628460,    29.816862,    -0.331747,    -4.322501
   82.473669,    33.207086,   -83.950357,    48.146511
   84.071040,    18.540811,   -30.130917,  -154.927643
   44.157601,    16.759274,   -10.254214,    10.774754
   62.379056,    91.997069,   -22.730643,   -32.872162
   23.181482,    87.733204,     6.206441,   -37.123899
   76.545065,    90.250254,    -2.386990,   -19.171835
   63.949940,    32.463554,    -6.315518,    -1.055246
   43.803678,    77.422097,    26.386364,    -4.726027
   97.862101,    14.427667,    76.908916,    70.040666
   26.540003,    86.225940,    -1.353277,   -16.184546
   55.260344,    90.883959,    21.446149,    -2.969525
   89.058804,    97.940493,   -13.767921,    -4.221274
   36.518873,   119.518593,   124.155480,  -270.687530
   32.547809,    48.763371,     5.028436,   -14.054106
   24.556402,    24.283630,   -69.018320,   108.205126
   14.189181,    71.926463,    13.283135,    16.243432
   83.593764,    22.181088,    42.843710,   -40.180103
   11.855242,     7.620085,    15.509490,   -27.794432
   64.990417,    18.557276,     1.765182,     2.724914
   54.778712,    91.226527,    21.955724,    -2.697630
   28.272849,    70.191209,    39.022707,   121.382586
   48.060182,    41.124896,     6.840407,   -20.862829
   13.686950,    38.626486,   -87.464470,   -13.784249
   20.915768,    95.344893,    -0.032965,     0.454811
   80.949501,    41.200371,    -7.601242,    -2.395728
   11.129101,    74.849205,   157.501020,    12.600905
   54.624447,     7.845369,    40.154628,   -71.052495
   76.685341,     3.063625,    -1.810632,     9.827218
   23.602533,    23.058776,   -21.045219,    75.337824
    9.403992,    32.880886,   -17.463138,    -5.838041
   29.449431,    21.432041,   -11.364724,    38.411543
   10.926318,    81.780685,   -34.519334,    21.980900
   54.822719,    11.298290,    25.671407,   -19.123598
   21.119710,    16.891108,    34.852175,    -1.168458
   28.448526,     6.690195,   -24.308446,     2.790933
   18.368948,    15.390110,   -36.183288,    50.271227
   73.666864,    26.493380,     9.928998,     3.268192
   84.138337,    12.271798,    -9.446249,    -6.594015
   25.256703,    67.515289,    32.349936,    17.415798
   56.732795,    55.278626,    -8.338173,   -22.042341
   19.592896,    21.255348,    35.758266,    38.916809
   26.378436,    36.156311,    19.607491,     6.096112
   81.815276,    17.502708,   -10.498186,   -16.217782
  106.913628,   102.545449,  -213.343000,  -196.427972
   67.358493,     7.020902,   -36.918216,   -51.328048
    8.701766,    -0.705656,    33.095397,    80.340198
   48.968734,    65.535522,   -11.704784,    19.104458
   95.026608,    33.173224,   -75.082301,    29.707169
   92.722258,    32.286060,    10.116025,    40.651892
   82.062673,    36.381406,   -14.510986,    26.283626
   80.297078,     3.298836,     7.551537,     0.768909
   97.040604,    99.912318,   -19.177766,   -42.348084
   63.064779,    41.195548,    -0.741445,    -9.062820
   78.800835,     2.393506,   -23.763860,   -30.404563
   85.928097,    66.799928,   -18.150909,    -7.015267
   72.055986,     2.776636,   -17.664298,   -20.007871
   77.587097,    63.256820,     2.883165,     6.486359
   57.944091,    95.759817,    41.519535,   -30.048815
   13.980829,     9.679355,     4.961532,   -11.458775
   54.719931,    58.374060,    25.080173,   -35.464803
   96.358992,    66.054079,    -3.631361,   -13.749580
   64.041665,    55.828797,     6.346134,    17.010996
   86.793331,     3.924994,   -37.177171,    -9.719125
   88.511886,    17.856553,    44.921518,    11.203651
   17.570810,    71.654900,   -12.109775,    -0.338744
   93.417261,    74.578853,    -6.247130,    -2.161461
   66.680973,    55.247357,    26.701494,    12.917133
   69.037462,    89.156498,   -20.828194,    -7.364887
   60.015718,    45.431936,    38.729726,    59.808412
   57.818164,    80.269762,   -22.016547,   -46.415803
    2.419355,    18.596701,    49.952013,   100.383078
   50.981928,     2.278632,     3.720460,    10.190141
    2.085122,    45.897314,   -11.096304,     2.221232
   33.874301,     4.263046,   -80.343738,   -76.999358
   57.341221,    87.810293,     1.808831,   -11.969611
   38.945085,    46.784403,     2.105494,     6.201040
   43.282147,    42.315961,    26.523002,    32.218731
    4.787067,    58.097066,   -11.245263,    65.677658
   18.236714,     9.661012,    36.419154,    27.556988
   97.894798,    85.592398,    -1.297552,    10.345180
   37.918079,    62.944673,    28.396850,    -3.083384
   12.275913,    15.625774,     8.586400,     1.197819
   -0.790751,    65.606373,    34.200941,    -8.916568
   52.492814,    31.508840,   -46.009980,   -12.293734
   28.654766,    23.071410,    -3.976181,     8.509389
   30.589587,    76.381992,    26.999415,   -10.084678
   86.105126,    33.771953,   -67.539080,  -141.293408
   56.194157,    67.308017,    13.553779,   -20.275607
   49.162598,    72.987203,    36.259704,   -19.813112
   93.662360,    83.249444,     5.656453,     6.172515
   46.641191,    19.260664,   -23.059445,    -9.855477
   49.280131,     4.924185,    -6.176274,     2.310242
    3.812168,    87.260493,     1.306103,    82.344024
   51.453378,    20.299091,   -10.735917,    19.606410
    4.908934,    32.621750,     0.313343,     1.926650
   71.551552,    83.205432,  -119.952143,    -1.054335
   32.957767,    68.978362,     6.765299,    15.231412
   54.861373,     4.659910,   -16.324108,   -19.959912
   85.009409,    31.499406,   -33.765312,   -37.890654
   19.996208,    69.444262,   -23.162169,     8.720379
   75.295677,     7.641666,   200.717981,   125.214227
   69.544826,    35.395728,    27.606175,    20.850036
   48.205264,    22.010857,   226.805385,   -10.119338
    9.666589,    66.799169,    19.940718,    81.023940
   16.075348,     8.281521,     6.788939,   -13.719070
   22.356579,    15.106350,   -22.055218,   -79.695182
   65.080661,    81.402551,   -24.515960,   -42.017951
  110.461048,   299.345493,  -965.414298, -2507.646370
  -79.989674,  -201.197704,   939.414743,  2498.632638
   46.900919,    25.001127,   -65.960471,    53.498958
   53.767662,    94.564734,     0.407159,    10.520048
   39.722839,    79.857704,    -6.927510,    11.005236
   97.053096,    39.263783,   -33.939075,    -0.624276
   32.534388,    95.200600,    79.419737,   -65.839110
   94.540855,     3.526654,    24.813955,    41.790791
   80.254481,    17.741175,   308.198809,  -483.268778
