x-position, y-position, x-velocity, y-velocity
   39.462804,    26.059099,   -24.721609,    -8.892157
   60.396158,    49.156775,    -0.666143,    18.395689
   93.707087,    67.715641,    -0.449915,    -0.502385
   82.147766,    74.260458,     4.664083,    11.168544
   34.483013,    78.484264,    -0.697394,    18.791504
   29.123873,    71.050532,    -2.666107,     2.732452
   92.207402,    17.196447,   144.657366,  -109.613899
    7.317737,    50.704271,    -0.168739,    20.403134
   20.293990,    50.856223,   221.794750,    43.799126
   48.831618,    15.120292,   -10.691587,   -12.879564
   24.587716,    97.337105,    -0.201214,     5.365420
   16.232854,    29.262135,     0.492099,     2.059169
   85.121905,    77.311269,    -0.637682,    -2.359812
   42.748280,    74.514719,     0.237540,     0.237885
    2.206520,     5.863870,    -0.780999,   -19.342385
   79.328156,    82.377446,    35.918105,    10.583263
   35.730920,    36.795022,    28.424924,     8.300534
   67.362792,    18.718316,     0.251137,    -6.519780
   55.827538,    65.220804,    -1.239413,     0.717893
   19.849039,    74.078373,    37.172868,    62.344836
   72.749603,    75.191356,    20.342638,    14.437383
  116.651540,    89.027782,  -279.474874,   245.958823
   18.694147,    91.097756,    -1.027103,     1.870349
   34.473200,    12.927247,   -19.638952,    -0.427649
   63.246713,     6.151781,     3.918216,     0.033722
   21.794054,    45.497170,    -6.650887,    -2.570083
   28.995931,     8.638486,   -30.922144,    23.906167
   33.408665,    97.902624,    -0.057392,     0.084535
   20.119922,    50.822365,  -224.665277,   -38.219581
   69.793225,    66.316078,    -6.867588,    -5.582178
   62.787085,    19.576601,    12.187394,   -21.445718
   89.033334,    95.846101,     4.169160,    -0.930084
   94.638983,    52.019735,    21.689674,   -17.356157
   93.816812,    52.707564,    21.783064,   -11.788096
   10.824062,    84.418384,    -2.150710,    -8.263634
   50.957371,    73.052156,   -26.139376,    36.704549
   96.258384,    33.061798,     1.189215,     1.934978
   93.910518,     5.618987,    -2.397812,    -4.545542
   26.403564,    87.547275,    -3.901696,     0.145673
   55.552742,    65.116955,    -1.076408,     0.734922
   51.353240,    61.440904,    -4.397039,     0.163538
   16.809180,    14.893066,   -11.616007,    10.551096
   41.509516,    82.000872,   -39.904619,   -20.034399
   90.426430,    39.424327,     0.712677,     0.202893
   66.138150,    12.503428,     3.007861,     2.438695
   88.792681,    78.992167,     1.040589,    -3.830840
   47.742276,    21.706509,    -0.388523,     1.736945
   92.747726,    70.748270,     0.066067,     0.469925
   15.690469,    54.842309,    -3.308345,     3.192060
   44.389224,    73.285302,     0.252632,    -0.722807
   65.307526,    42.775175,     0.092022,     5.369680
   60.052768,    85.825637,    11.192773,    -1.218010
   11.420580,    73.741315,    -0.477416,    -3.551072
   81.748768,    88.818826,    16.504077,    -6.604923
   79.763556,    23.927922,     1.357040,    -4.150152
   85.130454,    62.792598,    -2.934896,    -1.807761
   97.731365,    93.507518,    -5.957362,     5.878323
   24.619304,    85.560431,    -6.233625,    15.209378
   19.285587,    28.091121,    -2.441245,     3.640801
   45.859736,    73.473341,     1.747216,     1.932440
   32.729467,    29.489052,   -13.015263,   -29.887343
   95.461074,     6.733986,    -2.659922,    -0.320570
   98.959258,    92.412611,    -2.159780,    16.417726
   74.504305,    71.133322,     5.306365,    13.720272
   93.340576,    69.417349,    -1.410920,    -1.383272
   12.836296,    86.977758,    -0.954954,    -4.002224
   44.213393,     6.796383,    -0.207114,    11.998652
   78.381390,    59.819662,     0.192281,     2.467997
   59.353260,    52.352354,   -24.323075,    35.347397
   59.744666,    67.356467,    -2.096809,   -22.433232
   90.389799,    85.953407,   -88.253843,    57.283095
   85.619056,    43.887964,    26.803679,    28.727776
   38.960723,    76.142184,     6.898722,     0.475493
   39.956272,    76.602798,     0.732396,     2.190893
   41.795024,    53.926527,   -50.564033,     2.184594
   14.610530,     9.586614,    -0.078553,    -0.017462
   54.855669,     8.104874,    -0.827882,    -0.776692
   58.717030,    88.355696,     4.082172,     2.298608
   89.207613,    73.076373,     0.847449,     0.890478
   90.912294,   -15.176930,  -470.578837,   566.307865
   56.213300,    77.282580,   -92.086740,   195.688602
   72.209140,    52.250252,     3.841559,     1.157320
   45.031236,    63.888297,    -1.388768,     2.249197
   30.508232,    58.635353,     1.072984,    -1.237323
   54.956934,    80.408257,  -237.109360,  -171.451681
   20.848197,    31.759686,   -59.800785,    18.391049
   54.824392,     7.143822,     0.191059,    -2.392905
   39.112262,    97.608939,    -0.132918,     0.267994
   28.946400,    26.819273,   -32.317540,    -4.324799
   78.148995,    82.825520,     1.077988,     1.309123
   67.142459,    32.712426,    -0.065645,    -0.173818
   53.734850,    55.788179,    -7.581899,    25.053600
   32.315615,    57.772330,     3.124709,     8.927837
   15.521410,    64.082874,     1.327296,     2.338787
   30.712369,    94.827574,    -1.323037,     0.791798
   66.084261,    96.629386,    11.603539,    -0.716184
   98.930323,     6.929733,   -35.914408,   -22.004703
   17.266559,    83.894808,     4.411769,    -9.319286
   20.641757,    91.562807,    -1.282143,     2.194361
   10.896784,    69.978915,    -0.045277,    -0.003544
    8.398777,    60.884701,   -28.224128,     1.203648
   43.059153,    89.221413,    -5.367677,    28.718412
   58.693100,    14.486097,     7.231307,    -3.524034
   22.110495,    92.298291,    -0.496049,     1.420901
   65.209101,     8.978278,     9.313850,     3.664469
    2.847778,    91.176290,    40.360552,    22.116402
    0.663810,    47.763084,    17.542484,     1.313219
   11.546438,    65.805495,   -10.973490,    12.992825
   97.064023,    48.189431,    -0.311244,    -0.225604
   51.018028,    64.443215,   -12.865565,     2.866409
    2.666539,    81.713181,   -10.933626,     0.902648
   62.056440,    27.913136,     6.140209,   -14.210815
   11.537641,    52.283069,    -3.815832,     8.734362
   38.248214,    54.731021,   -20.092086,    84.882893
   58.965521,    65.116054,    -0.884832,    -3.274716
   11.463455,    73.379145,   105.863189,    64.417433
   17.017756,    62.460008,   -22.255793,   -18.405259
    6.566163,    17.299540,    -1.477893,     0.073249
   96.616320,    36.387594,     7.880336,   -10.612082
   85.370499,    72.807339,     7.279747,     4.908813
   70.628471,    17.151433,    -1.948134,    -0.857837
   82.679432,    20.172811,     0.191406,     1.695941
   99.157343,    57.642754,   -45.179417,   -43.981580
   64.346776,    96.099967,    -0.245444,    -0.756601
   23.012704,    85.513108,    -5.991235,     9.630198
   32.697626,     5.018716,   -18.546578,    13.553301
   37.860005,    19.347223,     0.345056,    -1.046826
   -5.228843,    -9.923840,   515.657310,   523.809737
   38.581105,    89.767237,    -1.705758,     1.514035
   37.062323,    11.979484,   -16.952874,    15.275082
   52.350207,    28.361194,   -17.831018,   -18.326281
   61.467847,     8.196957,     5.781530,     2.305572
   39.613156,    84.585788,    18.807918,    61.076536
   90.281413,    16.381300,    -0.869463,     0.172600
   65.213738,     7.238186,     5.098994,    -0.960611
   74.999920,    32.132101,    -2.161153,     2.620311
   79.358692,    57.520463,    -5.418489,    -5.302587
   54.249123,    65.709450,    -2.863488,     0.449596
   22.392860,    92.272114,    -0.539872,     1.531830
   86.781814,    58.334832,    13.267691,   -27.483592
   60.641002,    66.046671,   -22.292206,    -3.813299
   92.720371,    18.722959,   -67.060091,   -56.395516
    9.903419,     3.488095,    -9.002768,     8.365962
   34.780933,    95.198329,    -5.075953,    26.241321
   96.789640,    98.778539,    -0.001183,     0.001786
   89.209114,    75.979885,    -1.260100,     4.130191
    2.518623,    38.892868,   -53.039012,   -22.465092
   92.904198,    31.977619,     0.159875,    -0.603353
   33.729300,    75.224846,    -2.112953,     2.694332
   96.106185,    66.349718,     1.349881,     4.837511
   62.548685,    56.932658,    -0.620214,     5.559826
   86.764292,    84.430263,     2.614816,     3.501264
    9.006359,    87.704794,    10.568672,   -17.971746
   56.507714,    32.079065,    17.721971,     6.576132
    7.670935,     3.836024,    -1.749120,    -3.166955
   38.538625,    31.005536,     1.231245,   -10.840320
   37.431447,    41.990043,    -9.363096,    -3.381337
   42.461781,    52.020819,     2.140030,   -14.079404
   46.933943,    80.750014,     1.356037,     9.137529
   35.625961,    37.868388,     0.387415,     4.621794
   16.389696,    27.837930,    -0.065653,    -0.315841
   24.953332,    21.887324,     1.704387,     0.978184
   26.893688,    82.094718,    -6.714781,   -39.878267
   96.229069,    67.919373,    -0.403043,    -0.172300
   48.216343,    13.641133,    -5.631951,    -1.282308
    7.421710,     4.410902,    -1.859225,    -2.995133
   87.069452,    68.703342,    10.364380,    -0.352029
   85.122770,    57.358397,    -1.154994,    -1.768389
   48.776427,     2.913811,    -5.602161,    11.820232
   67.993803,    91.156438,   -45.919843,     4.560790
   56.474608,    79.995261,     8.803631,    22.460760
   37.746014,    94.190616,    -8.108042,     1.656609
   43.479254,    67.828184,   -13.027005,    19.544595
   53.011912,    60.358465,    13.664045,     9.971421
   48.932788,    54.081005,    69.308747,   -11.339226
   63.060109,    12.466513,    -1.048614,    -1.371337
   99.316988,    89.758813,   -61.122063,   112.765079
   51.887201,    29.968276,    42.934694,   -12.742881
    2.249314,    31.166979,     0.429695,     2.176752
   29.675907,    96.413272,     1.477534,     5.060860
   27.822614,    57.479053,    -4.500456,     7.076918
   92.680302,    44.459222,     5.994225,    -5.138263
   77.062009,    73.943726,    10.913938,   -12.520486
   66.255436,    66.897383,   -33.983048,    -3.279240
    7.603253,    11.914364,     6.330358,    -1.443305
   17.098537,    24.182981,    -3.533070,     1.298129
    5.278018,    30.665856,    47.360375,   -45.143618
   61.502044,    96.003444,    66.342479,   211.889002
    4.482355,    75.866799,    -7.455598,   -27.819272
   68.955496,    11.321516,     1.629195,     5.438947
   56.335016,    76.271910,    40.449626,  -112.427353
   38.051098,    23.628963,    -3.955520,    11.175645
   16.519331,    64.295032,     3.285390,     5.301480
   63.817372,     5.493960,     4.168563,    -2.159302
   47.016900,    68.451863,     5.897509,     0.316782
   43.800210,    88.839624,    -2.898164,    10.706537
   94.342940,    34.750053,    -0.063209,    -0.132292
   27.189022,    76.740542,     3.040962,   -12.045826
   87.923466,    24.750066,     6.564742,   -31.895413
   14.422325,     9.323293,    -0.068451,    -0.037550
