x-position, y-position, x-velocity, y-velocity
   99.758399,    37.756936,     0.000000,     0.000000
   57.263889,    33.048281,     0.460099,     0.458612
   96.625622,    71.781460,     0.000000,     0.000000
   74.937146,    73.339382,    -0.063277,     0.058104
   33.636965,    36.403088,    -0.831450,    -0.669675
   46.968786,    81.249408,    -3.193268,    -3.615390
    8.301672,    95.412773,     0.000000,     0.000000
    1.825115,    30.818182,     0.280756,    -0.518692
   35.335881,    58.407702,    -0.012769,     0.006378
   35.200430,    24.637498,     1.063339,     1.750973
   22.577221,    84.595943,     0.000000,     0.000000
   13.893214,    26.401617,    -0.112325,    -0.056190
   90.169322,    84.056879,     0.012425,    -0.055529
   40.624962,    62.800615,     0.504437,     3.293539
   45.108663,    62.537674,     0.014439,     0.003248
   67.940823,    48.249359,     1.240961,    -1.262887
    2.574845,    28.981909,    -0.019686,    -0.199843
   65.433891,    24.329456,     0.026621,     0.162550
   65.087381,    66.199102,     0.039809,     0.309425
   32.975741,    61.109865,    -0.000001,     0.000001
   49.241700,    37.453609,   -19.984464,    -2.756728
   40.371857,    86.172067,    -1.609019,     5.648094
   21.812831,    70.995670,     0.303007,     5.646355
   96.885407,    26.623510,    -0.000000,    -0.000000
   59.456509,    24.891806,     1.087239,    -3.858653
   67.977854,    55.799832,    -1.061478,    -0.061563
   47.046562,    13.801646,     0.629319,     0.608318
   33.671497,    97.868469,     0.000000,     0.000000
    5.847509,    28.824027,     2.873056,    -2.570329
   75.536285,    72.590693,    -0.144567,     0.135240
   61.204109,    35.302075,     0.246852,    -1.373794
   72.250903,    93.483151,     1.625766,    20.847629
   89.836115,    54.825029,    -0.000027,    -0.000017
   66.164683,    96.007864,    -0.379065,     0.006782
   15.920967,    93.017817,     0.000000,     0.000000
   60.104684,    63.639462,    -1.375642,    -0.053576
   97.887364,    30.265289,     0.000000,    -0.000000
   99.915085,    18.299217,     0.000000,     0.000000
   26.423001,    84.415281,     0.000000,     0.000000
   55.534681,    62.240229,    -0.003056,    -0.000304
   65.916385,    69.946488,    -0.434084,    -1.362158
   55.758693,    24.548914,    -0.389941,    -0.942302
   97.798250,    79.998144,     0.000000,     0.000000
   90.292071,    39.710117,     0.000387,    -0.000063
   66.069805,    11.869585,    -0.095808,    -0.025103
   73.771028,    77.724035,     2.049013,     7.023299
   43.001615,     6.698521,     1.546373,     3.244754
   92.934718,    70.365646,     0.000727,     0.000259
   15.563281,    53.031831,    -0.029226,     0.014597
   60.687148,    75.980900,    -5.902174,     0.379766
   87.590790,    99.305812,     4.581444,   -16.445076
   34.588352,    87.242538,    -0.048254,     0.051922
   12.466067,    83.241409,     0.000000,     0.000000
   61.822549,    95.760864,     0.000000,     0.000000
   82.241097,    23.004476,     0.000000,    -0.000000
   94.856456,    58.000581,     0.056936,    -0.217311
   73.381737,    99.085290,     0.597121,     1.039438
   49.687513,    84.048041,    -0.958524,    -0.181127
   38.105372,    18.305741,     0.000000,    -0.000000
   42.729080,    71.244633,    -0.000000,     0.000000
   62.863999,    30.055461,    11.552044,    -1.772945
   99.794009,     3.479114,     0.000000,     0.000000
   99.049080,    91.757229,     0.000000,     0.000000
   74.827375,    69.585434,     0.188635,     0.722308
   95.422147,    75.919022,    -0.000000,     0.000000
   10.234194,    93.340076,     0.000000,     0.000000
   71.669558,     6.125399,    -1.665329,    -0.267295
   75.632318,    50.827292,     0.346338,     0.718737
   94.738002,     6.890400,     0.000000,     0.000000
   66.708065,    19.524880,    -4.293476,     2.272880
   81.948909,    69.246464,     0.209251,     0.055513
   58.031137,    31.761239,     2.976157,     0.664120
    7.108852,    73.783829,    -0.000000,     0.000000
   48.557697,    75.464673,     0.000428,    -0.001559
   71.518179,    95.912081,    -4.252492,    60.955362
   14.615660,     9.690718,     0.000000,    -0.000000
   59.152125,     5.847335,    -0.000000,    -0.000000
   52.476858,    78.156828,     0.000000,     0.000000
   88.859980,    69.275573,     0.087384,     0.488022
   31.655531,    32.615589,     2.886917,     3.841624
   67.295132,    52.749464,    -0.001499,    -0.005573
   66.828766,    51.072564,    -0.000432,    -0.001605
   49.904606,    52.223032,    -0.252755,     2.054924
   26.920819,    59.176555,     0.015092,     0.000122
    8.605196,    30.402903,     0.044089,    -0.005294
   11.023529,    30.193127,     0.003636,    -0.000880
   55.377308,     8.304660,    -0.000000,     0.000000
   38.182910,    97.519628,     0.000000,     0.000000
    2.499801,    73.088101,    -0.000000,    -0.000000
   79.262608,    77.221681,    -0.148046,     0.769365
   62.631540,    31.613771,     0.541326,     0.510440
   77.592922,    25.408365,     0.021228,     0.012475
   95.404495,    26.431842,    -0.000000,    -0.000000
   12.310193,    62.188213,     0.000000,     0.000000
   32.527802,    93.841035,     0.000000,     0.000000
   60.085165,    99.226059,     0.000000,     0.000000
    5.767142,    23.256988,     0.000024,    -0.002424
   12.306372,    94.781116,     0.000000,     0.000000
   22.380527,    84.930751,     0.000000,     0.000000
   10.956766,    70.312506,    -0.000000,     0.000000
    8.273454,    55.892073,     0.014619,     0.001912
   26.663065,    44.839207,     0.423861,     0.063018
   44.895042,    25.669000,     0.000000,     0.000000
   21.628390,    89.868613,     0.000000,     0.000000
   57.132836,    15.427252,    -0.000000,     0.000000
    3.868454,    59.030729,     0.812732,     4.441629
   42.608767,    46.280246,     0.000000,     0.000000
   40.387449,    31.628673,     0.000000,     0.000000
   97.681957,    48.611536,     0.000000,     0.000000
   69.456953,    69.493915,    -0.281696,     0.543846
    1.489393,    81.269088,     0.000000,     0.000000
   53.795738,    47.541997,    -3.314116,    25.381023
    5.965078,    29.958085,     0.749514,     0.074498
   84.137996,    58.021828,     0.000000,     0.000000
   64.417648,    70.585719,    -2.981236,    -1.250368
   58.613131,    15.134560,    -0.000001,     0.000000
   73.619066,    34.021995,     0.000000,     0.000000
   12.487458,    16.877525,    -0.003950,    -0.005241
   84.189666,    53.924837,     0.000000,     0.000000
   83.833605,    72.640963,     0.103497,     0.019020
   74.998637,    23.683084,     0.224554,     0.189206
   84.476888,    20.701638,     0.000000,    -0.000000
   53.355061,    97.289341,     0.000000,     0.000000
   66.882982,    99.363566,    -0.234187,     0.174381
   64.398038,    21.269246,    -9.315846,    11.390808
   41.649822,    25.837185,     0.000000,     0.000000
   36.216438,    22.369049,     0.000000,    -0.000000
   73.561753,    24.405255,    -0.404531,     4.377859
   46.974487,    85.494896,    -1.348472,     0.634878
   46.899088,     4.751157,     0.169393,    -1.121952
   21.829806,    46.614378,   -37.090273,    85.732984
   68.396379,     7.816810,    -2.145203,     0.168166
   26.629881,    43.467722,     0.203050,     0.848413
   93.832798,    14.594565,     0.000000,     0.000000
   47.178263,    13.479069,     0.781196,     0.514015
   81.040440,    31.289005,     0.000000,     0.000000
   92.205069,    60.825252,     0.681649,    -0.489547
   69.298787,    68.168361,    -0.925918,     1.508014
   22.729362,    89.695091,     0.000000,     0.000000
   85.728723,    75.621149,     0.061304,     0.004479
   76.107175,    63.908420,     0.672372,     0.262166
   29.846138,    24.245756,    -3.240983,     4.542304
   68.408671,    48.163434,     1.060592,    -0.792746
   60.682193,    61.216477,    -1.426740,    -0.609747
   96.789788,    98.778218,     0.000000,     0.000000
   99.033697,    56.359527,     0.000001,    -0.000055
   34.017430,    37.734366,    -0.152703,    -0.159455
   92.155958,    34.421878,     0.000000,    -0.000000
   34.568261,    74.797083,     0.000000,     0.000000
   93.162643,    57.400909,    -0.000954,    -0.003649
   55.330741,    46.435101,     2.064910,     2.560072
   47.085746,    65.170778,     0.000000,     0.000000
   18.460807,    68.713025,    -0.081161,     0.047888
   38.421416,    17.868661,     0.000000,    -0.000000
   15.199974,    20.283745,    -1.245683,    -2.728333
   36.922901,    43.948810,     0.231695,    -0.229727
   66.898756,    46.294938,    -0.011441,    -0.042661
   59.803369,    41.350648,    -3.436182,     1.739161
   47.425777,    69.145087,     0.000000,     0.000000
   32.308918,    30.590036,    -0.000132,     0.000293
   28.584882,    21.944512,    -2.569409,     1.342804
   20.476338,    19.465491,    -0.122091,    -0.231236
   42.127544,    42.480938,     0.000185,    -0.000058
   97.950988,    69.373880,     0.000000,    -0.000000
   54.777947,    14.914990,    -0.000000,    -0.000000
   13.822250,    15.230177,    -0.000654,    -0.002329
   81.897505,    67.101199,     0.623636,     0.254662
   84.736281,    57.991845,     0.000000,     0.000000
   71.102954,    78.016684,    -0.313450,     0.994957
   53.368353,    77.754361,     0.000000,     0.000000
   66.530440,    77.129406,    -0.165535,     0.317957
   79.549628,    88.441400,    -6.827002,     0.826037
   94.175262,    10.822165,     0.000000,     0.000000
   11.496338,    33.210259,    -0.285849,    -0.306128
   87.707404,    65.076508,     0.477533,     0.111703
   63.585648,    14.022718,    -0.041904,    -0.017439
   25.035985,    80.946823,     0.000000,     0.000000
   16.730267,    54.736677,    -0.064849,     0.038930
    3.098465,    27.253408,    -0.013719,    -0.072090
   22.376705,    68.906126,     0.776393,     4.425497
   31.921673,    51.581577,     0.000000,     0.000000
   81.155217,    50.978604,     0.000372,     0.000024
   57.798131,    96.215619,     0.000000,     0.000000
   82.799806,    55.473282,     0.000000,     0.000000
   28.173336,    19.303327,    -5.232990,    -1.283578
   16.958484,    20.754673,     0.108986,    -0.184602
   33.815773,    25.893484,     0.178646,     0.897227
   27.319484,    97.039049,     0.000000,     0.000000
   54.933332,    77.862813,     0.000000,     0.000000
   57.503136,    23.444948,     2.413959,    -5.307170
    4.354376,    50.964327,     0.580439,     0.336544
   35.941891,    39.711372,     6.575080,    -0.042333
   11.385434,    61.716338,     0.000000,     0.000000
   61.807160,     9.441596,    -0.000008,    -0.000006
   41.222807,    73.963211,    -0.000000,     0.000000
   82.218656,    83.196009,    -5.133039,    -2.198620
   94.340972,    34.762477,     0.000000,     0.000000
   16.498115,    69.752010,    -0.017030,     0.004800
   35.575044,    82.393735,   -27.009931,    -7.052126
   14.411824,     9.464066,     0.000000,    -0.000000
