x-position, y-position, x-velocity, y-velocity
    5.849275,    25.911979,    20.707738,    52.203300
   55.840912,    84.114475,     1.639730,     9.765758
   87.966697,    54.605446,    -8.671835,    -7.505234
   85.663232,    92.005146,    -9.029367,     7.411683
   48.310219,    96.593877,     6.269846,     0.659334
   13.195130,    72.329638,   -11.044384,     7.256207
   34.411828,    42.699874,   151.010922,    28.838669
   35.695038,    89.105591,    18.406194,    -7.699597
   42.628336,    96.278274,   -16.578867,     5.199736
   41.727320,    50.787253,   -10.621744,   -13.594871
   21.037814,    20.236827,     0.730255,   -10.140514
   15.542353,    42.083072,    -3.721336,     6.209113
   87.073846,    90.040216,    -2.010786,     1.610848
   81.088251,    80.347208,   130.063072,     8.562877
    4.173826,    44.334062,     4.601465,     7.390106
   57.200091,   101.361017,  -114.489398,   -72.713735
   29.530088,    71.022073,   -27.200866,    14.073906
   46.216422,    64.519211,    66.718037,     3.347278
   62.142195,    78.864749,   666.200922,   -40.007974
   92.120011,    81.681921,    24.022970,   -32.367926
   17.522738,    58.395065,   -56.918006,   -35.536465
   10.882781,    65.654707,   -79.510688,    45.333418
   12.543596,    68.045301,     5.727032,    13.653686
    8.993634,    42.842970,     8.106026,    19.419188
   71.678519,    16.385045,     1.125908,     2.192774
   15.020437,    97.036751,    11.419783,   -81.047944
   13.892140,    70.829514,    28.670353,    25.006921
   38.849597,    18.894982,    32.251563,    15.305174
   -2.153984,    14.188045,    79.614330,   120.071092
   42.268098,    49.651705,    -6.382496,   -16.606535
   36.432653,    21.448917,    -7.905455,     4.977837
   12.922981,    32.543863,   -82.277257,   160.400871
   49.529791,    50.159720,    17.575437,   -20.460643
   37.137672,    13.219341,   -20.274189,   -13.023920
   13.107497,    70.606143,     6.793702,     7.553232
   46.893042,    94.847085,    14.606673,    -5.447129
   89.068022,    43.556541,    -5.503344,    31.883167
   94.432495,    45.096324,    -1.645826,    56.930678
   54.810586,    81.038286,    31.427780,   -16.987957
   50.952411,    85.312890,   119.898127,    42.568913
   54.747435,    28.675839,     9.648407,   -20.940185
   68.385037,    65.835640,    29.408655,  -109.843787
   49.296240,    25.593452,     1.311089,   -13.532040
   16.753235,    14.349624,   -31.411829,     8.542977
   83.444173,    53.801646,  -135.534337,   -28.986031
   49.291444,    83.534420,    86.242922,  -152.367681
   51.537112,    21.592134,    -7.393674,    23.766222
   59.506531,    33.109562,  -122.228914,   141.671998
   20.352633,    39.739714,    10.102154,   -11.272901
   60.709794,    75.439166,    12.195775,    -3.538746
   69.153417,    63.753391,    15.465466,   -21.168183
   76.151905,    49.151751,   -20.281165,   -17.477756
    1.564688,    78.591098,     2.926598,     7.047098
   88.037322,    28.887578,    -5.073466,   -20.621961
   20.598776,    38.055107,   -35.134152,    -4.675476
   52.596410,    59.321317,   -15.147705,   -16.418939
   92.672297,    69.514403,   -21.989628,   -80.061736
   85.736877,    32.514946,    37.059890,    -9.771691
   20.804646,    46.445119,     6.053191,    13.188575
   26.101715,    74.832677,   -15.322426,     6.943042
   21.591717,    69.157105,    21.011505,   -12.283692
   94.295594,    11.789742,   -10.892150,    -7.033912
  109.711180,    59.551319,  -119.715342,    28.213746
   85.411261,    93.637866,    -0.634903,    -5.749650
   95.762205,    43.983159,   -89.816726,   -36.956048
   62.328329,    61.523267,    19.912021,   -32.784245
   54.997944,    34.059873,     6.084421,     3.831879
   74.923597,    57.889301,   -36.921093,   -57.580756
   29.946256,    70.597390,    15.039395,   -20.942810
   31.125699,    39.169713,  -126.855382,    12.248119
   58.560357,    41.866003,   -62.037332,    15.767414
   55.097177,    75.494936,     2.164400,    -5.303243
   17.241828,    13.961898,   100.928006,   -83.247704
   67.173809,    45.071379,    10.494356,    25.242041
   25.354646,     9.184929,    32.985657,    34.560972
   49.983510,   -25.874607,  -285.759546,   469.849584
   28.386347,    24.842543,    44.369895,    14.682920
   93.811614,    52.456127,   244.426098,  -357.112909
   80.072510,    56.713954,   -19.009457,    -9.819977
   -1.800910,    91.063430,    80.253432,   100.899080
   58.357249,    44.580470,    20.577241,    -6.211789
   83.536076,    35.609051,     2.931066,    -0.783575
   28.496180,    64.126524,    11.408604,    71.644090
   30.770207,    27.766056,     1.103554,    -3.501055
   56.260228,    60.450201,   -20.326080,    49.911898
   83.061164,    10.733226,   104.164737,   -64.921688
   37.317910,    21.543263,    -9.921242,     7.213524
   73.522896,    65.926649,    50.816153,   -65.181028
   26.025131,    69.230199,     4.253583,   -36.297483
   75.382552,    80.118187,    -0.067441,   -24.438567
   60.792003,    31.935150,    -6.320270,    -1.071737
   56.907902,    74.366338,    24.627195,   -10.515866
   75.684026,    43.023665,   -72.739591,    37.522151
   26.350603,    78.888853,     1.878530,   -11.536620
   35.949314,   124.868108,  -278.132663,  -354.490481
   82.343536,    96.047314,   -13.277566,    -3.511653
   98.022057,    13.208419,  -117.506462,  -140.089260
   35.067470,    41.749894,     6.222609,   -11.613430
    3.919648,    77.466620,    25.747597,   -16.797119
   20.733083,    84.043068,    12.698623,    36.184332
   96.219483,     1.866674,   -40.743187,    40.918799
   19.112873,     4.501108,    13.787084,    24.140404
   65.831008,    20.103925,    -1.595342,     5.610899
   65.517592,    89.093577,    21.475665,    -7.123709
   47.858846,    83.008605,    39.769135,  -114.591213
   51.403243,    30.778308,     6.523753,   -20.445549
   22.019023,    31.966450,    85.392597,   -12.421664
   20.980694,    95.518365,     0.781113,    -0.084525
   79.369279,    40.477628,   -18.755687,    13.134523
   33.821157,    76.467116,    18.440221,     0.880033
   73.978895,    29.742438,    35.450725,    78.317009
   76.112917,    10.059469,    -0.765291,    19.476211
   13.554790,    60.212472,   -19.462329,    73.620435
    1.131715,    31.628482,    15.684094,    -2.073528
   94.644240,    46.448210,   201.345795,    54.749597
    7.474384,    93.071962,    35.230007,    22.732968
   67.470722,     1.738831,    24.051173,    18.571506
   36.815813,    18.750594,    25.942360,    10.113476
   16.471712,     8.187000,   -23.641589,     1.619528
    0.872876,    39.863521,    33.080785,    46.791406
   78.743968,    28.063928,    10.304349,     3.056367
   79.480838,     8.947732,    -8.981036,    -6.681711
   39.854301,    76.761548,    26.823381,    19.617052
   52.647983,    44.987317,    -7.991620,   -18.465957
    4.381845,    33.494991,   223.128420,    14.836002
   34.384479,    40.368664,    12.140138,     7.439812
   77.250138,     7.900328,    -8.078891,   -19.070142
   11.979556,     2.772965,  -160.597571,  -202.796733
   49.192391,    22.356912,   -36.704986,    48.565651
   39.451057,    15.924550,    81.964616,     2.306912
   43.336033,    75.044146,    -9.259732,    19.041715
   87.876490,    44.325853,   -77.230781,    26.534266
   97.804482,    51.687875,    64.527883,    27.884047
   75.059584,    49.219387,   -13.028216,    28.057180
   82.669253,     3.976474,     4.042551,     1.501868
   87.511492,    78.813423,   -18.918192,   -42.088152
   62.385687,    36.595042,     0.719620,    -5.914643
   66.349734,     9.091469,   -26.138245,    22.628517
   81.097975,    69.085853,    22.621500,    50.697146
   62.655443,     8.176682,   -19.346515,    17.935738
   78.736968,    67.230146,     1.920419,    13.826164
   77.926604,    81.383071,    36.329441,   -24.625682
   36.640058,    83.452150,   103.434451,   368.351321
   66.818095,    41.350751,    20.660944,   -28.373880
   94.402164,    59.424884,    -5.027316,   -11.306017
   68.102309,    59.242458,     9.293471,    -0.028809
   69.656244,     5.009905,   -33.028659,    11.043649
   94.634569,     9.167826,     1.134152,   -25.002527
    3.064225,    84.719252,   -40.081446,    43.818145
   90.251897,    73.457873,    -6.665117,    -2.563953
   79.998042,    61.380334,    25.593696,     9.626283
   62.796923,    97.920527,  -692.878544,    77.494527
   79.784183,    74.529755,    39.902381,    56.410972
   50.399156,    60.247908,   -13.842865,   -37.471455
   30.082405,    55.253402,    78.310957,   -15.277121
   51.891307,     7.755387,     1.372816,    11.242855
    5.412784,    47.022351,    11.095376,     2.349691
    2.125529,     2.834760,   -54.987319,    23.875443
   36.513768,    91.982348,   -70.418292,    16.196290
   38.803493,    49.836707,    -1.413523,     5.950983
   55.953177,    58.176087,    20.944425,    30.109287
   28.996165,    81.082013,    52.433336,    27.034620
   36.137075,    23.279046,    32.338229,    29.764203
   97.305213,    90.724836,    -0.009892,    10.631688
   51.913077,    61.360863,    14.112795,     8.439909
    4.701082,    33.510407,    44.392796,  -168.718069
   16.252630,    63.132695,    67.254252,    -4.517265
   31.797337,    22.305123,   -38.649633,   -19.679168
   26.784587,    27.313287,    -3.494271,     8.655820
   44.489489,    71.346321,    26.538705,   -10.483010
   51.665945,    18.788052,   -68.103903,   115.904142
   53.141381,    53.105276,   -35.290001,   -27.478927
   92.437425,    88.843191,    97.621536,    43.591235
   90.745001,    84.724515,   -22.332553,    -1.873753
   36.732245,    14.825782,   -17.934844,    -9.203128
   46.148820,     6.106622,    -6.552405,     2.528816
    4.465219,    79.026091,    49.031453,    41.078894
   46.016664,    29.890828,   -11.118251,    18.498166
    4.542817,    34.040804,   -66.749410,   223.218405
   39.586593,    82.843171,   -21.229318,     3.116087
   40.447372,    69.366193,    16.465745,    -2.929646
   47.693345,     6.734134,   -13.600332,    20.312729
   68.182211,    12.563142,   -35.169552,   -40.454512
   21.899601,    62.388360,     1.089028,    41.667189
   55.223878,    70.248780,  -200.567818,   118.996614
   69.730298,    27.686521,   -12.317268,   -61.227956
   70.885803,    16.951188,  -221.531210,    -8.637583
   18.782439,    90.401491,    17.193887,   -76.690634
    9.722645,    28.001777,   -24.939843,    74.865934
   -4.679710,     6.506350,   104.633132,   304.216912
   52.955066,    60.462750,    -7.673207,   -36.165475
   13.919617,    48.580852,  -965.414298, -2507.646370
   13.951801,    48.665563,   939.414743,  2498.632638
   17.846038,    49.699962,   -50.026529,    46.573510
   57.869460,    95.616739,   -37.786481,   -40.471060
   36.256178,    85.361379,    -6.958715,    10.773599
   80.268992,    40.069854,     1.011173,   -13.284056
   41.537974,    64.946913,   -15.976630,   -59.478035
   92.185167,    24.273013,   -24.413691,    41.394132
  -12.205163,    66.068054,   308.198809,  -483.268778
