x-position, y-position, x-velocity, y-velocity
   42.992404,    44.124816,   -18.600666,    -6.778678
   50.285109,    18.278321,   -22.074087,    29.637327
   29.312056,    42.937496,    68.967859,    30.040350
   48.334986,    94.850407,    -9.622340,    -5.294985
   75.644747,    45.134333,   -23.765361,   -88.404398
   32.477906,    91.380255,    54.110710,    16.061327
   60.904153,    87.017459,    33.169838,    -4.068220
   19.536422,    18.435987,   -13.651114,   -54.519465
   28.644788,    76.600733,    -3.563808,    -5.932550
   17.797918,    88.961322,    30.042143,   -46.658791
   21.147494,    -0.705837,  -106.709443,    52.422942
   29.271505,    80.695587,    43.343255,    30.659520
   70.677627,    83.824223,    -0.661294,   -10.383644
   14.201287,    75.675191,    46.039482,   -12.777761
    8.611016,     2.188013,   -40.235418,   -15.750813
   90.646480,    30.861047,   225.470014,  -219.882595
    2.489540,    59.191295,    -2.167417,     6.563209
   56.393133,    65.510932,   -53.326904,   -18.548484
   44.658625,    64.242546,   124.675778,   -50.366144
   39.839410,    45.266457,   -28.527869,    28.361086
   90.689469,    85.513424,   -20.360852,    30.947791
    2.182633,    97.894247,    35.047280,     6.109097
   67.015134,    56.956844,    26.615530,    32.043579
   77.574392,    35.020415,    -2.234251,   -10.371893
   94.038655,    50.956517,     0.771381,   -22.061569
   69.359931,     3.485728,   107.350543,   186.526886
   47.501071,    13.249587,     0.109100,     0.939875
   84.720831,    17.883829,     2.775484,    -6.185992
   93.427381,    13.833617,   111.661539,   138.579223
    9.234232,    80.863131,    -2.515254,    24.821349
   73.004994,    -7.175565,  -193.509475,   348.657119
   46.186659,    58.908803,   -33.496646,   -27.716428
   27.040527,    56.431620,   -44.306505,    50.835521
   86.776407,    31.362769,    64.234012,   -29.248163
    3.993588,    97.417477,   -20.149001,   -27.181508
    8.956546,    16.142602,   -17.060504,   -24.173900
   38.413073,    42.530484,    60.875299,    27.712008
   59.727399,    51.561134,   -62.611412,    96.879953
    2.710550,    33.463553,    48.027298,   -20.537275
   52.395971,    74.272647,   212.178951,  -104.712650
   91.352210,    52.394341,   -45.972361,     8.847151
   62.409087,    76.296222,   -91.326095,   334.380685
   15.115649,     4.726242,   -33.445400,    12.485513
    4.620344,    76.146039,  -379.304901,  -172.866253
    6.852521,    36.922212,   426.678722,  -148.009740
   49.392143,    44.984692,     8.276534,   -42.919196
   62.468252,    75.998498,    35.001104,  -336.708337
   99.055873,    67.094585,   -41.783733,   -68.463457
   27.393834,   129.825161,   961.881977,  -343.675125
   49.963097,    23.298560,    48.660169,    44.008784
   15.495742,     1.724935,  -104.252375,    17.673444
   41.552099,    55.264322,    69.942696,   -90.640877
   11.341064,    54.156708,    11.964273,    -9.780161
   19.485938,    54.585593,  -183.934507,   -20.117434
   63.553858,     3.204736,   104.872650,   -92.110288
   92.440105,    43.656960,    26.967998,     6.103040
   94.758668,    23.060284,    73.865533,   -52.062551
   38.419502,    20.467549,   -11.088226,    10.160589
   22.046008,    58.097166,    58.499292,   -32.914011
   13.892511,    22.414712,     6.550402,   141.269150
   66.512891,    81.968341,     7.094560,   -18.069542
   57.555728,    76.005406,  -113.505586,  -120.020965
  102.827987,    42.716711,  -120.231060,     1.182370
   16.654119,    89.250190,   -28.420121,   -21.915479
   93.081821,    53.802892,   -39.685083,   -55.954750
   81.762421,    54.373898,   -12.660226,    38.333664
   65.604359,    91.801962,   -77.522412,  -122.045256
   32.185922,    63.121023,   142.847119,   145.364012
   17.061928,    31.481998,    30.807045,    68.367675
   83.623910,    16.557708,  -226.573849,   251.471665
   90.651625,    60.987650,    26.444255,     2.280868
   61.435553,    97.456820,     2.522186,     9.143545
   55.896998,    77.667662,    43.487674,   -16.464925
   67.372312,    93.348523,  -219.295028,    46.413215
   49.310870,     9.169378,   -33.770001,   -12.367438
   54.369433,    94.333720,  -141.041113,  -161.388657
   29.423520,     4.760816,   -83.641831,   103.826848
    3.050681,    48.028487,    84.754528,   119.581989
   43.350163,    23.226435,    -5.217049,    -8.918467
   57.998948,    93.049076,   -33.562034,    11.624455
   34.958572,    23.724845,    -8.441765,    -8.331834
   75.687033,     7.039227,     2.518399,    -5.566277
   59.382962,    36.802702,    20.876431,    24.062458
   53.060640,    50.680461,    -3.180571,     0.768514
   99.827080,    30.294519,   -40.108481,    -1.299898
  100.710327,    38.073147,   -45.199018,     7.153668
   70.620205,    15.657757,  -430.872416,  -170.306839
   78.265392,    75.531045,    18.094402,    37.839982
   13.114473,    24.209034,   -65.733409,    83.414923
   75.734234,     8.272276,     1.887525,   -16.336199
   88.162886,    35.977109,    13.816102,    -0.951979
   12.557867,    70.999167,  -126.595951,  -191.436956
   -2.522256,    57.069894,    69.111813,    -2.112271
   17.273367,    56.729042,   -20.392403,    17.911188
   44.941862,    56.098242,    42.012951,    13.607114
    6.608316,    59.592572,    77.774361,   -50.566202
   35.362082,    15.023919,    -9.792185,    -1.062399
   71.828121,    59.954407,  -146.345645,  -300.711425
   52.724270,    50.023287,    -2.047389,    -1.901456
   86.707159,    12.726889,    16.503807,   -20.660413
    8.766690,    97.684327,   -13.432629,    68.539379
   55.405389,     0.620352,    20.699498,    75.745085
   92.079533,    83.593415,   136.284140,   -24.139461
   51.702777,    71.444199,   -18.164389,    -2.118139
   62.479171,    10.241693,    -8.086263,   -60.415224
   20.642829,    58.346946,    36.230985,    39.478896
   72.599681,    10.580918,    -9.980932,    13.212206
   41.875160,    66.452347,     2.177302,   -24.145006
   20.026696,    40.267789,    27.865899,   -72.265628
   45.718472,    -0.092907,   -15.551220,    41.861435
    5.782401,    34.467955,    57.792911,    27.971414
    6.265849,    46.768257,   -31.789414,   -11.372682
   58.882803,    42.902797,    12.366419,    42.633118
   64.783696,    38.863060,   337.076821,    40.813273
   11.381034,    42.898570,   -78.738924,    18.709682
   90.803511,    36.868784,    -5.158873,   -20.906853
   73.178543,    18.982381,    -9.122810,    -9.463059
   87.235087,    40.340819,     6.831427,     1.067617
   16.094286,    61.160101,     2.112341,    21.012006
   93.551152,    51.165583,   -29.285696,    -6.166160
   84.666345,    90.196755,    41.267829,    34.443474
    7.417469,    77.917536,   -24.308257,    13.054736
   94.297445,    56.387967,   -25.910596,   -44.003352
   66.236260,    73.339570,   -85.265138,    28.320640
   45.673379,    82.377292,   131.475754,    19.381188
   63.309152,     6.677654,     0.119008,    45.404255
   35.830925,    10.524121,   -15.686028,    -4.263972
  103.502721,    45.725249,   -55.047032,    -1.687621
   84.199621,    18.067308,   -28.942925,   -16.877914
   76.167322,    11.235768,     3.476080,    12.046251
   74.560318,    50.625934,    38.207176,   -18.922087
   71.344087,    39.743177,    27.875284,   -31.321259
    4.054422,    85.809269,    26.260643,     1.723427
   69.910111,    61.738097,     1.446992,     6.922461
   90.660223,    69.303149,   -17.696540,    20.345188
   19.868001,    74.258340,    27.730181,     7.754856
   39.669327,    29.589075,     1.797427,     4.083088
   11.819654,    95.857879,    -4.441906,    52.801587
   90.036878,    40.899909,   -42.295510,    74.019593
    4.252410,    74.273518,    -1.468415,    12.403620
   65.001547,    34.684862,    62.153806,    37.528392
   46.022600,    86.286546,   -50.485247,   131.518359
   42.547403,    23.728940,   -16.225286,    72.154624
   64.153289,    63.491282,   -14.622142,    22.059780
   64.290341,    60.803121,    76.087587,    -8.799321
    7.331112,    40.616434,    78.675005,   -12.995028
   27.552252,     1.230894,  -989.072829,   299.037072
   49.740407,    85.127074,   -15.770997,    30.795963
   87.570126,    71.184660,     9.284374,    12.106462
   83.132807,    88.353767,   157.078981,   -83.530926
   61.509673,    70.166185,   -12.346118,   -11.271038
   69.049387,    -0.347937,  -234.939797,    56.837645
   24.913387,    73.219759,    65.030610,    47.722954
   13.259535,    89.455332,   -28.183917,    26.208047
   34.918328,    14.953751,   -12.598944,    11.711046
   63.472672,    45.742812,   -72.866498,    18.075436
   12.790916,    43.191653,   121.749238,     3.862307
   45.040682,     2.059298,  -125.430721,    -7.732022
   61.041388,    75.733075,     8.335325,   -31.595312
   22.982874,    96.950998,    69.909822,   -58.233387
   12.824812,    44.543947,   -90.876212,   -75.438775
    9.591762,    26.598580,   -37.837825,    27.551391
   87.053932,    47.805585,   -12.986993,    -5.983401
    4.976916,    91.478229,   190.380096,     6.240587
  127.517984,     3.989975,  -305.061112,   -66.642847
   -5.169744,    54.653869,    88.313040,    29.296642
   29.365456,    23.743746,   -25.639228,    53.890993
   37.439962,     8.228625,   -31.942494,    59.917615
   39.360512,    59.233786,     8.518667,     2.019386
   30.532709,    77.430297,    -3.562790,   -24.180157
   64.917879,    45.625691,   -28.780320,   -42.164320
    0.701896,    68.649896,   429.916781,   -63.794461
    2.457222,    -5.201347,   -50.384722,   108.106869
    0.524759,    74.921340,     5.150485,    -3.839382
    0.569865,    56.862719,    22.283147,    27.061907
   33.667521,    61.751190,    53.239806,     6.456487
   67.551875,    88.192663,   205.958370,    30.141831
   47.740395,    66.990164,   -60.568518,    -7.001575
   45.519782,    46.334681,   -16.749453,    -4.487675
   21.303115,    37.953785,     9.897058,   -24.607668
   88.701413,    14.031354,    -2.771621,   -68.020755
   85.794080,    56.186251,    27.537534,    85.101322
   52.842242,    83.687227,     6.885923,    94.751576
   70.435977,    54.079233,   -24.908188,    13.224278
   23.230495,    10.745604,    69.431250,    47.960066
   25.275400,    64.823313,   -52.622102,   -37.344237
   71.420996,    73.183060,    31.067116,   -52.094764
   27.421192,    72.117660,    -0.724945,    19.872143
   53.848397,   100.296984,   168.427131,  -146.900314
   37.546059,    89.238080,  -293.180142,   -14.738773
   86.038708,    54.628936,    16.870827,    24.801147
   13.919617,    48.580852,  -965.414298, -2507.646370
   13.951801,    48.665563,   939.414743,  2498.632638
   45.089130,    -1.823960,     2.311889,    48.579719
   25.431574,     4.294921,    -6.431657,    -8.828988
   93.755872,    33.961265,   -33.534673,   -91.066480
   85.712099,    23.843121,   -19.048955,   -19.318948
   93.587831,    35.874681,    24.875383,    13.644165
   10.456509,    95.100327,   -79.885457,   102.827680
   31.328018,    22.913031,   -75.110647,    55.471373
