x-position, y-position, x-velocity, y-velocity
   42.640498,    34.651422,     9.103107,   -12.440269
   27.726976,    40.097011,   -34.720240,    24.703525
   79.587701,    59.196439,    60.773311,    18.965977
   57.774408,    80.286162,    28.511761,   -67.341349
   54.764234,    26.751009,   -28.789807,    80.442150
   73.468342,    92.235148,    44.842085,    -9.692085
   87.919547,    84.045918,    33.855148,    -3.148345
    1.252526,     7.483902,    48.016494,   222.837900
   38.618898,    73.731427,    11.514153,     5.633189
    7.874889,    68.007863,   -72.489061,    18.647371
   -9.347611,    11.930797,   606.729501,  -223.501613
   54.110445,    79.683226,    21.754280,   -31.826546
   66.387261,    61.176981,   -12.824526,   -17.097943
   49.407610,    54.157369,    52.237199,   -35.531674
   24.006752,    65.366014,    63.917349,   280.223649
    6.048840,   112.421097,   176.288710,  -199.624954
   16.111162,    85.779686,   138.146975,    88.296749
   39.518354,    39.130952,     8.262978,   -66.958292
   72.083377,    38.114552,   -98.152617,   -28.094802
   23.673246,    82.871701,   -14.256511,    57.339871
   71.900391,    92.085685,   -24.197188,   -27.120764
   29.961669,    91.626254,    34.524362,   -18.722815
   88.061302,    81.904693,    33.778537,    18.129583
   81.837252,     0.693104,    -9.288017,    48.382391
   95.023837,    35.706693,     1.378169,   -18.401681
   95.288521,    72.478367,   -12.818661,  -225.551266
   45.861862,    11.804295,    -0.043840,   -35.628282
   95.657262,    10.621264,    33.108476,   -14.272613
   67.963212,    98.672434,   -29.539947,   -75.496371
    7.881856,   100.001941,     0.989477,   -24.264556
   69.890478,    32.085712,   156.998480,  -136.501640
   11.116253,    41.182392,   -51.541066,    -9.219852
    3.352454,    98.658744,    30.554809,   -53.131844
   64.126297,     6.739973,   -56.589596,   -31.154595
   14.639033,    75.080467,    17.037754,   -27.322510
   11.758962,     3.226918,    26.440459,    19.623262
   80.671570,    58.038242,    45.630464,     9.994027
   12.784720,    70.770165,   -18.308483,   -11.121726
   39.060573,    13.744704,    30.368291,   -25.310846
   19.495303,    -7.614633,  -163.400670,   107.767664
   58.079462,    61.810561,   -35.178995,    18.177468
   -0.878937,    69.528894,    70.918345,   292.283692
    6.118941,    12.846672,    17.005164,     9.017006
    4.620344,    41.572788,  -379.304901,   172.866253
   11.247195,    67.636997,   317.326524,    70.944705
   54.374005,    11.907555,     5.434382,   -40.161306
   92.091424,    73.394294,   -77.908473,  -305.497491
   84.094336,     6.379396,   -10.865233,   -77.145518
   27.393834,   120.262947,   896.928024,  -295.864057
   54.095149,    22.920917,     1.408743,   -10.505124
   50.151387,    22.447743,    49.668318,    56.373125
   95.483868,     4.158869,   -22.987586,    50.571326
   33.686234,    55.496576,   296.622948,  -186.075683
   55.598094,    25.475707,    31.077364,   -43.341948
   65.076538,    55.697175,   -98.801448,    70.565526
   85.889375,    60.862205,   -12.866331,    24.191989
   50.824599,    12.011046,   -64.315759,    36.629472
   31.662907,    36.203707,    -7.309569,    27.791175
    4.426455,    12.547529,   -31.798681,   -53.187027
   21.919680,    96.061016,     8.806729,  -118.232765
   70.019441,    68.165697,     0.916054,   -16.946292
   37.854942,     4.388180,     4.359926,   -62.606296
   43.874770,    62.741727,   -49.864652,    24.538753
  -28.671100,   105.648808,   320.689794,  -309.502274
   62.469788,    11.848518,   -37.963308,   -47.275431
   84.756859,    84.590594,     3.514202,    34.951753
    3.492602,     1.140059,   -81.004205,   107.820803
   57.760530,    48.538572,  -144.274707,   -80.899405
   43.041525,    75.360809,    29.108710,    35.004843
   39.224400,    17.221913,   167.402559,  -211.741304
   87.702469,    49.224750,    -9.962183,   -63.462803
   65.593899,    96.566492,     5.666554,    -0.540209
   82.509213,    76.327992,    22.780329,    13.341974
   62.395580,    75.726130,   187.289266,   -46.399729
   23.067235,     5.864444,   -30.689610,    19.797292
   53.675104,    28.102799,   137.625483,   149.194165
   28.552955,    81.159479,    78.225835,    92.913512
   67.247098,    73.387033,    81.301675,  -112.696143
   38.200380,    17.884014,   -10.015005,     1.415568
   51.655933,    83.964518,    -2.426742,   -35.634966
   29.670312,    18.408593,    15.946215,   -12.527312
   89.490031,    57.056496,   -57.795116,  -405.361855
   68.043659,    46.926695,    29.361640,    24.207725
   51.679524,    46.609857,    -0.847255,   -12.423690
   85.195931,    14.598247,     0.544245,   -55.572572
   77.181489,    42.580241,   -20.732393,    -0.310012
  -14.610580,   106.324922,   421.435424,  -153.854067
   90.732881,    90.491322,    -0.451369,   -30.813782
   44.675642,    82.910803,    73.528182,    60.877135
   47.777173,   -31.724684,   -39.359286,   401.869688
   99.033729,    36.514182,   -13.398053,     3.133808
   73.279535,    67.642502,    95.823147,   175.770155
   48.187641,    54.045042,    54.687114,    -7.472940
   34.635086,    48.188200,   -42.334728,   -79.816820
   77.398567,    66.292277,    39.724462,    12.270778
   65.876008,    17.055830,    60.116334,   -57.132497
   58.910389,    94.975443,    31.118106,  -145.355397
   10.388296,    84.187632,    92.262945,   198.969524
   54.057848,    49.270156,    -4.732676,    -0.690956
   96.609443,     4.462724,    72.743760,    44.753249
    2.439998,    66.533190,     5.866973,   -40.443370
   71.198782,    58.788863,    17.233903,    67.240657
   16.809668,    68.162407,    26.672705,   238.508649
   36.673899,    71.675226,   -18.639250,     1.198513
   56.336196,    34.237351,    -5.562691,    59.234625
   51.151011,    88.893426,    40.243730,    42.728126
   65.036691,    19.731189,    -9.462036,     8.775702
   40.668481,    48.089575,    -1.599434,   -22.804069
   39.966506,    12.077229,    37.597981,    27.150149
   12.941650,    19.686716,    76.636486,    25.320431
   47.076623,    54.142326,    64.350940,   -15.649931
   26.871479,    75.592184,    38.157838,    53.831443
   44.257845,    63.435312,   -37.671302,    20.003186
    5.717494,    60.076128,    24.666487,    -7.692177
   15.296448,    30.744326,    -1.020992,   -14.948776
   86.290092,    16.635134,     1.452197,   -36.921615
   67.192406,    10.807813,    -7.666345,    -9.879014
   88.425644,    38.014430,     0.230348,    -4.153896
   15.606264,    77.083986,    -0.285146,    18.323347
   69.471095,    43.708476,    -8.736997,   -15.475352
   87.190295,    83.741723,   -33.116384,   -20.091363
    7.488489,    83.122815,    11.169491,     0.883671
   54.176604,    25.174638,   -86.160833,   -17.061763
   -1.605174,    90.553271,    90.184897,    18.104882
   45.743173,    97.674592,  -130.777815,    19.084545
   64.369943,    42.229214,     7.534471,    37.548714
   21.466883,    11.072254,   -17.081680,     8.082511
   65.175263,    51.990511,   -45.492993,    11.736796
   68.864397,     3.337094,   -17.207723,   -17.997309
   71.731774,    29.624641,    13.553297,    -8.880738
   91.861547,    37.751696,    10.264463,   -16.206564
   77.042390,    43.266572,    -2.681769,    15.450567
   23.818738,    31.372323,    35.987002,   -75.459090
   74.667992,    62.838343,    13.693942,    -9.310911
   78.488109,    80.652098,   -15.387287,    14.828141
   39.867709,    80.595162,    24.495812,    15.525287
   34.692643,    35.887016,   -14.261115,    11.725018
    9.817296,    66.079715,    -1.129405,   -47.566802
   67.643670,    81.096486,   -13.632959,    29.228448
   11.132493,    81.743798,    19.272800,     8.976381
   77.567722,    39.355509,    -8.871028,   -15.570420
    6.286700,    26.515792,   -43.886825,   -94.426658
   48.180257,    63.080726,    84.323187,    65.574377
   50.440218,    78.734421,   -17.061002,    16.671836
   91.561483,    72.775205,   -51.554953,    30.012858
  127.255128,    59.862829,  -754.573851,   254.016408
   27.552252,     1.230894,  -989.072829,   299.037072
   39.827460,    92.725931,   -16.680532,   -20.848702
   89.608508,    86.083040,    -0.037371,    16.572263
   -8.059822,    27.951908,   146.039759,   -68.855140
   51.441021,    61.042925,    -9.079880,   -13.729188
   62.729420,    91.581584,   161.097796,    99.931209
   80.870034,    96.730346,    71.453451,   -32.205102
    7.157625,    90.358761,    21.484403,   -19.888037
   27.004546,    22.786911,    -8.805833,     7.128086
   19.884466,    70.839152,   -42.572008,    37.101877
   99.676939,    51.080168,  -104.348635,    10.450748
   38.394734,     2.798651,   103.277559,    -0.626208
   39.490518,    66.977470,   -50.744746,  -191.637376
   76.419035,    55.702442,    59.208483,   -41.595622
   49.259493,    14.643274,    84.947984,    80.815729
   16.789021,    48.613701,    35.596446,    27.898258
   72.503749,    54.825051,   -24.649236,    42.068226
   79.921899,    90.282195,  -129.935748,   -15.639823
   64.872344,    44.971128,   211.970338,    63.118950
   16.808164,    91.075430,    10.463694,    47.154905
   31.673430,    25.952353,    47.669984,   -78.515071
    4.620171,    46.003542,    51.295357,   103.971325
   45.858749,    59.466034,     6.757600,    -0.773168
   29.739649,    56.107591,     0.118512,   -28.248683
   45.209219,    17.058132,   -17.414607,   -32.963321
   19.055638,    23.855394,   280.193916,   -47.575565
   32.671724,    80.641745,    50.771339,   104.268844
    4.239388,    65.491035,     1.764361,   -50.769157
   18.270999,    77.352899,    20.857742,    22.400985
   48.836037,    80.292774,    10.349776,    26.371647
   -7.482045,    85.715761,   175.579779,   -37.219265
   14.939990,    83.833102,    78.463854,    27.595556
   33.327838,    42.925971,   -14.849449,    -4.802615
   29.016913,    18.635973,   -11.857899,   -15.662221
   89.285873,    38.618189,     3.470186,    62.052407
   84.700783,    87.735028,   -38.873969,   -73.142805
   40.872883,    60.042680,   -16.422309,   -66.637135
   89.060851,    -4.475732,  -111.959421,   156.742154
   67.318948,    44.453651,    83.284523,    41.250864
    6.769244,    34.305752,    44.786647,   -31.077172
   81.120114,    41.608041,     6.692519,   -28.115500
   30.182017,    86.093439,    13.276679,    15.316193
   30.365896,     8.114525,  -137.283492,  -107.613764
   95.337353,    71.636509,   146.873973,   -53.840802
   90.317127,    88.044268,   -27.509890,    41.953176
   13.919617,    48.580852,  -965.414298, -2507.646370
   13.951801,    48.665563,   939.414743,  2498.632638
   32.085167,    34.403543,   -43.677443,    37.644157
   12.540842,     9.850966,   -14.061198,     6.508923
   67.562820,    31.025490,   -30.996735,    82.005251
   81.539220,     7.491753,    -4.415911,   -21.204311
   83.806145,    31.358290,   -25.711240,    -7.237992
   39.061380,    40.557859,    59.143501,   -50.523463
   16.354621,    67.144579,   -53.893351,  -199.118267
