x-position, y-position, x-velocity, y-velocity
   99.758399,    37.756936,     0.000000,     0.000000
   58.291979,    34.370198,     0.559862,     0.806090
   97.065383,    71.427130,     1.397079,    -1.060725
   74.825206,    73.451255,    -0.030890,     0.041124
   28.620362,    39.209891,    -3.567756,     2.632517
   40.607522,    74.286175,    -3.264239,    -2.433920
   11.087313,    87.920088,     2.093718,    -6.225791
    2.382638,    29.793624,     0.276310,    -0.501258
   35.310343,    58.420458,    -0.012768,     0.006377
   38.508897,    27.745071,     4.996075,     0.438161
   22.534361,    84.700578,    -0.023003,     0.118281
   13.682076,    26.288205,    -0.149249,    -0.170110
   89.137809,    83.150897,    -0.933232,    -0.732548
   41.623645,    69.372785,     0.476261,     3.224098
   90.452281,    39.351972,    75.099239,   -36.055865
   64.757189,    42.956941,   -17.244686,   -10.258562
    2.538538,    28.572254,    -0.016330,    -0.213789
   65.710912,    24.860558,     0.145614,     0.274610
   64.107073,    66.521181,    -1.187591,    -0.340882
   32.975798,    61.109888,     0.000414,     0.000151
   14.986497,    29.499694,   -15.445473,    -4.307544
   37.146168,    97.348914,    -1.861935,     5.147834
   22.332642,    82.059483,     0.058649,     5.314601
   96.885407,    26.623510,    -0.000000,    -0.000000
   60.211316,    16.934494,     0.263336,    -3.951356
   56.516888,    53.252288,    -9.670799,    -1.855389
   48.310517,    15.024885,     0.645444,     0.625286
   33.664090,    97.872867,    -0.037458,     0.014855
   11.544440,    23.676238,     2.821581,    -2.584387
   75.251663,    72.864313,    -0.138614,     0.139529
   61.749127,    32.968574,     0.265765,    -0.920940
   73.329494,    83.099507,     4.069192,     5.790142
   89.836001,    54.824958,    -0.000092,    -0.000055
   64.374725,    96.017136,    -0.947706,     0.003224
   15.922352,    93.017607,     0.003175,    -0.000344
   57.299168,    63.662134,    -1.450744,     0.208392
   97.887364,    30.265289,     0.000000,    -0.000000
   99.915085,    18.299217,     0.000000,     0.000000
   26.306057,    84.524491,    -0.055667,     0.067800
   55.973715,    62.871009,     0.478296,     0.993887
   64.505159,    66.895407,    -0.830108,    -1.337031
   54.914583,    22.652262,    -0.453231,    -0.954744
   97.863318,    79.992165,     0.077663,    -0.006434
   90.292845,    39.709992,     0.000387,    -0.000063
   65.877763,    11.831385,    -0.076063,    -0.024170
   78.167904,    91.444684,     2.239220,     6.802906
   46.082388,    13.174980,     1.510939,     3.213125
   92.888554,    70.323164,    -0.177671,    -0.125923
   15.504829,    53.061025,    -0.029226,     0.014597
   49.547355,    76.220837,    -5.395638,    -0.135483
   96.298455,    68.545259,     2.130775,   -12.906100
   34.470085,    87.344974,    -0.060739,     0.051021
   12.466177,    83.241042,     0.002676,    -0.009018
   61.817402,    95.760144,    -0.007991,    -0.001145
   82.241179,    23.004433,     0.000244,    -0.000127
   94.948758,    57.566420,    -0.317137,    -0.281343
   81.175418,    96.174248,     4.341837,    -1.634547
   47.230111,    84.258786,    -1.850538,     0.753501
   38.190291,    18.263242,     0.423476,    -0.210878
   42.735946,    71.247283,     0.034676,     0.015933
   54.970279,    76.478733,   -10.076736,    34.145547
   99.699949,     3.543176,    -0.940601,     0.213540
   99.049080,    91.757229,     0.000000,     0.000000
   75.203587,    71.018472,     0.187842,     0.706179
   96.410999,    75.032303,     1.623469,    -1.434703
   11.398794,    92.541407,     1.187976,    -0.678481
   68.338900,     5.590808,    -1.665329,    -0.267295
   76.323782,    52.264854,     0.345002,     0.718906
   94.608380,     7.008183,    -0.568532,     0.391255
   58.342097,    24.038189,    -4.085260,     2.265668
   82.366459,    69.364499,     0.207752,     0.062760
   63.772312,    33.024008,     2.353762,     0.816320
    4.609333,    75.302819,     7.977183,     0.962083
   47.278280,    75.809197,    -1.451072,     0.357124
   76.042836,     3.636725,     6.299079,   -47.246739
   14.615675,     9.690661,     0.000306,    -0.001043
   59.152027,     5.847293,    -0.001039,    -0.000458
   53.023510,    78.641308,    -0.227604,     1.573899
   89.033951,    70.251287,     0.086347,     0.487699
   35.555621,    38.513927,     1.494069,     2.491635
   67.045171,    52.058876,    -0.203445,    -0.529788
   66.811617,    51.072147,     0.015167,     0.128956
   48.819210,    56.446111,    -0.570013,     2.114619
   27.761719,    59.181460,     1.172928,     0.006661
    8.728526,    30.412435,     0.077574,     0.008332
   11.049415,    30.201011,    -0.065575,     0.015943
   55.377308,     8.304660,    -0.000000,     0.000000
   38.227899,    97.636184,     0.316737,     0.487117
   44.208759,    81.348479,  -417.956687,   -82.886821
   78.977720,    78.693902,    -0.139593,     0.720844
   64.003895,    32.546530,     1.245066,     0.095057
   78.035156,    25.204427,     0.501713,    -0.243565
   95.404495,    26.431842,    -0.000000,    -0.000000
   12.310193,    62.188213,     0.000000,     0.000000
   32.519629,    93.840830,    -0.013878,    -0.000812
   60.084869,    99.226077,    -0.000855,     0.000047
    5.756712,    23.224685,    -0.007875,    -0.021192
   12.858725,    94.475891,     0.465863,    -0.250664
   22.344151,    85.015595,    -0.023431,     0.093906
   10.946594,    70.245356,    -0.007861,    -0.060453
    8.302940,    55.896239,     0.014975,     0.002418
   27.585255,    45.167518,     0.515994,     0.258711
   44.912768,    25.662295,     2.271146,    -2.343348
   21.628388,    89.868622,    -0.000003,     0.000017
   57.091633,    15.377296,    -0.057302,    -0.057740
    5.493918,    67.913986,     0.811347,     4.441036
   42.608795,    46.280291,    -0.017446,     0.011289
   40.366912,    31.523629,     0.086953,     0.064708
   97.681957,    48.611536,     0.000000,     0.000000
   69.745680,    65.635514,     0.575301,    -3.277413
    2.427620,    81.352732,     0.670162,     0.052278
   48.696607,    96.304464,    -1.836364,    23.045111
    7.446641,    30.103390,     0.722399,     0.068277
   84.137996,    58.021828,     0.000000,     0.000000
   58.463608,    68.198849,    -2.711477,    -0.857134
   58.553753,    15.025327,    -0.092635,    -0.147001
   73.994333,    33.562472,     0.529840,    -0.672067
   12.236984,    16.795841,    -0.290708,    -0.057572
   84.189666,    53.924837,     0.000000,     0.000000
   84.040526,    72.679701,     0.103384,     0.019808
   75.740724,    23.498955,     0.625815,    -0.508582
   84.697223,    20.740469,     0.244816,     0.043145
   53.358831,    97.292109,     0.110060,     0.043010
   65.668163,    98.610981,    -0.628257,    -0.403735
   46.954438,    43.500647,    -8.316500,    10.965381
   41.871435,    25.535336,     2.020320,    -2.941246
   36.216438,    22.369049,     0.000000,    -0.000000
   94.030460,    15.317714,   -24.374311,    42.022366
   44.247376,    86.775706,    -1.408912,     0.657074
   47.237875,     2.507252,     0.169393,    -1.121952
   43.797107,    26.878892,    28.328511,    -1.282994
   64.119011,     8.135681,    -2.119143,     0.140733
   26.961513,    44.962273,     0.110579,     0.653893
   93.805254,    14.630931,    -0.275444,     0.363666
   48.747310,    14.513546,     0.800505,     0.528676
   81.040440,    31.289005,     0.000000,     0.000000
   93.561515,    59.857864,     0.633133,    -0.448697
   66.501814,    68.323010,    -2.671433,    -1.711407
   22.729363,    89.695102,     0.000001,     0.000019
   85.851338,    75.630118,     0.061312,     0.004490
   77.451920,    64.432752,     0.672372,     0.262166
   23.474388,    32.810893,    -3.029865,     3.753984
   63.422443,    43.148032,   -22.051150,   -12.004615
   56.094950,    60.389862,    -5.755688,     0.332670
   96.789788,    98.778218,     0.000000,     0.000000
   96.441191,    58.050618,    -6.090602,     4.277458
   33.327312,    38.059580,    -0.466425,     0.379680
   92.155958,    34.421878,     0.241836,    -0.702131
   34.568261,    74.797083,     0.000000,     0.000000
   93.155290,    57.386878,    -0.053548,    -0.016447
   59.111496,    50.943656,     1.281988,     0.978333
   55.668867,    67.549354,    14.015265,     3.943323
   18.306829,    68.805754,    -0.060510,     0.042560
   38.484975,    17.833208,     0.318911,    -0.178883
   12.897480,    15.102642,    -1.119247,    -2.310147
   37.387330,    43.504683,     0.232786,    -0.219589
   65.714431,    46.563958,    -4.888711,     1.601912
   52.935583,    44.819533,    -3.427322,     1.736546
   47.224929,    69.245665,    -0.160784,     0.081132
   32.325993,    30.258635,     0.075408,    -0.634112
   23.446065,    24.630119,    -2.569409,     1.342804
   20.097966,    19.120851,    -0.274302,    -0.070905
   42.186024,    42.645314,     0.003161,     0.115475
   98.017552,    69.329417,    -0.473311,    -0.233751
   54.773966,    14.912728,    -0.006311,    -0.003213
   13.872753,    15.020589,     0.139780,    -0.372637
   83.145550,    67.602949,     0.624948,     0.246779
   84.736281,    57.991845,     0.000000,     0.000000
   67.168709,    65.606373,    -4.932661,   -21.148993
   53.357408,    78.091627,    -1.462963,     1.803193
   63.471011,    77.017992,    -2.015139,    -0.178365
   66.322800,    89.810927,    -6.476569,     0.597841
   93.876085,    10.783941,    -2.992068,    -0.380768
   10.927036,    32.602087,    -0.304682,    -0.284080
   88.662472,    65.299914,     0.477541,     0.111700
   63.575453,    13.960735,     0.231738,    -0.052121
   23.821068,    81.313997,    -0.528670,     0.317364
   16.600569,    54.814538,    -0.064849,     0.038930
    3.071943,    27.106381,    -0.012636,    -0.075570
   23.929266,    77.753609,     0.775941,     4.405345
   31.921673,    51.581577,     0.000000,     0.000000
   81.157174,    50.978563,     0.001708,    -0.000145
   57.798131,    96.215619,     0.000002,    -0.000001
   82.799806,    55.473282,     0.000000,     0.000000
   17.855713,    16.607561,    -5.035549,    -1.470273
   17.164162,    20.396889,     0.083202,    -0.152197
   31.819388,     7.233439,    -7.917218,   -67.147720
   27.319484,    97.039049,     0.000000,     0.000000
   54.786665,    78.157707,    -0.628761,     5.351965
   62.110977,    12.954185,     2.085261,    -5.120823
    5.515006,    51.637074,     0.580082,     0.336038
   47.715330,    35.559731,     0.850217,   -20.550991
   11.385434,    61.716338,     0.000000,     0.000000
   61.798138,     9.440976,    -0.019753,    -0.020461
   41.184014,    73.727600,     0.050312,    -1.116235
   72.279901,    78.784437,    -4.743448,    -2.251292
   94.340972,    34.762477,     0.000756,     0.000118
   16.474998,    68.877111,    -0.016252,    -0.976035
   -1.191758,    38.809190,   248.185676,   -22.047875
   14.411826,     9.464051,     0.000135,    -0.000546
