x-position, y-position, x-velocity, y-velocity
   24.453581,    86.776189,    17.848735,    49.575666
   82.793360,    61.487251,    30.630117,   -35.398199
   74.886516,    45.399547,    -0.610520,    -0.836944
   74.867465,    96.368438,    -8.965961,    -7.866703
   63.835765,    67.015483,    32.617156,   -99.251249
    2.482906,    79.159365,    -6.997602,     3.424686
   88.759169,    82.763293,   -31.264620,  -103.568423
   90.977404,    77.600164,    78.618797,    -3.568677
   22.099251,    86.993908,   -13.973818,   -16.655068
   29.502083,    33.929042,   -11.642181,   -15.750739
   26.534237,     5.537004,     6.081705,   -21.904760
    7.753442,    54.132823,    -7.160831,    10.722682
   84.169448,    91.687413,    -4.917492,    -5.063268
    3.515483,    89.421631,   124.760839,     3.085853
   78.973148,    72.221554,    64.378350,   -68.446471
    4.914250,     6.548805,    15.432829,   -69.479379
   17.551330,    72.047184,    -2.732790,    -6.597389
   39.682314,   102.037597,  -133.359896,   -47.340486
  139.292818,     8.944313,  -449.875524,   110.301118
   83.239817,    40.353362,   -16.411584,   -41.937191
   40.165748,     7.229173,    34.043877,   -49.135117
   64.288596,    83.560097,    61.188016,   -43.476783
   14.833503,    96.899412,     1.197213,   -34.545755
   17.666914,    63.208129,     6.484848,    15.874199
   82.383750,    49.475404,    19.859939,    43.227469
   19.795382,     0.892664,    -1.290375,    73.344567
   36.242704,    60.912285,    14.269710,   -13.823353
   72.357015,    34.766822,    23.107264,    10.846273
   43.757189,    84.896517,    73.968127,    41.443205
   31.635663,    34.255808,    -9.430418,    14.338032
   30.941436,    24.384366,    -3.199142,    -6.231242
   30.726990,    53.403737,   -43.190741,    46.898777
   71.465004,    34.726264,    20.265328,    -6.386706
   15.089607,     1.532829,   -13.664854,     0.414194
    2.144194,    84.369569,   -22.819780,    10.983193
   43.714367,    93.999464,   -11.269328,   -48.009414
  -12.894109,    31.611523,   165.482865,   -48.593065
   37.358541,    58.454390,   -66.158797,    -5.896128
   88.860768,    66.566991,    34.155733,     1.396792
   24.899917,    48.983169,   -86.109877,   -57.946255
   65.741712,     2.806567,     8.529490,   -22.253776
   91.176025,    34.379221,    15.308574,    65.282601
   43.247419,    11.614845,    -5.974354,   -11.563733
   31.508762,    25.631084,    77.179864,    16.361184
   99.650514,    -5.085902,  -554.388408,   178.633987
   48.480126,    46.940509,   -75.050518,    50.091981
   51.219120,    46.293487,     0.793679,    20.242501
    4.105598,    44.322645,    25.225330,  -102.030763
   26.911961,    28.177395,   -32.436337,   -10.090203
   94.139222,    90.924551,    72.609073,    62.891445
   77.114516,    33.735033,     6.395772,   -17.926154
   50.472119,    42.446745,   -47.648036,    19.910290
    3.104023,    96.960026,     1.623016,    22.698532
   87.534218,    11.176353,     7.131385,    51.210890
   19.599816,    29.156447,    32.017060,    -6.641101
   34.968389,    38.622057,   -13.114512,   -23.870785
   71.078199,    -0.268270,   -13.245561,    11.541333
   77.001427,    32.013303,   -21.905598,     5.805256
   29.218558,    77.357775,  -166.203094,   -98.243367
   59.832325,    74.930628,  -188.245728,  -337.981410
   49.005244,    61.378993,    10.753805,    26.154018
   91.104271,     8.225883,   -37.989391,    31.253769
   15.251935,    78.559609,   107.840846,    -0.273756
   68.258160,    95.664450,   -23.876091,   -15.173742
   -0.471953,    -1.750994,    78.051396,    48.536254
   80.358810,    27.123230,    13.731630,   -25.662667
   63.477306,    45.420322,     6.801060,    20.757251
   38.745140,    10.044517,   -26.131111,    55.159945
   45.679440,    45.563041,   -10.612900,   -39.882602
   80.002722,    48.056737,    70.578888,    28.435701
   -0.096132,    48.235129,    46.141622,     3.128284
   55.543136,    76.241144,     5.702328,     7.129589
   57.446339,    78.692012,  -104.425859,    78.100671
   67.318355,    58.067090,    -8.568695,     8.841339
   67.557684,    34.457917,    38.884596,    -9.771748
   14.269816,    68.666200,   202.722676,  -194.739519
   75.714417,    42.221476,    44.356599,     7.427430
   93.560876,    49.577242,   229.268056,   318.412053
   60.319590,    43.421065,   -13.063857,    -8.715484
   57.918804,    80.459084,    38.709032,     0.266588
   67.258738,    32.578331,   -12.651818,     0.956723
   85.981941,    33.086638,     1.592828,    -2.420387
   39.573102,    62.982482,     5.884076,   -45.998081
   42.396738,    31.678718,    24.355106,    12.159535
   69.549315,    75.119853,     7.160123,   -44.788073
   15.128050,    11.194723,   -77.799070,   -32.168628
   28.459876,    28.874993,    -4.263331,     5.451428
   45.594782,    64.182558,   -65.959324,    45.442283
   38.760506,    40.830435,    74.994810,   109.917011
   75.006803,    52.778549,    -0.414153,   -21.855370
   51.439313,    30.894693,    -7.356504,    -1.876970
   77.126686,    57.167416,     5.916973,   -20.286986
   -3.854330,    92.359899,    62.634830,    25.254213
   30.167287,    67.379567,     3.618142,    -8.307794
  -15.634490,    -9.867412,   255.733851,   295.390732
   68.432999,    92.469686,   -11.284284,    -3.074015
   23.049433,    68.676357,    58.679501,  -122.862511
   35.200033,    32.897418,    -1.103613,    -5.872599
   26.532244,    61.356737,    15.740197,   -10.306688
   39.897113,    70.104675,    18.916987,   -33.246852
   49.864838,    44.264915,   -32.440829,    15.220256
   21.372821,    -1.459404,   -21.611728,    69.754552
  100.498788,    52.049297,  -171.459373,    38.907838
   92.172853,    80.414546,    22.387594,    -5.317459
  101.278340,    35.986635,   -45.227064,    98.425896
   66.617208,     9.379088,    17.774727,   -12.659116
   91.640770,    17.704966,    37.209476,   -10.400573
    9.111266,    93.290193,    26.834030,    -9.287681
   71.445884,    30.397354,     8.952807,  -136.158038
   54.745937,    75.880778,     9.295742,    -4.479182
   85.808259,    88.901917,   -37.017995,   -73.263087
   76.753758,    33.528484,     1.869258,    18.654557
   18.408696,    69.813123,    23.592999,   -54.662464
   19.536147,    28.527922,    15.384877,    -3.504104
    8.930957,    74.973232,    79.712990,   -71.367937
   51.020844,    83.280150,    37.583658,   -19.015071
  100.659433,    15.184264,   -36.679339,    13.680377
   58.865419,    29.525864,     7.949352,     5.488718
   24.150355,     2.021888,    19.461559,     1.742061
   32.638438,     3.582925,    30.281811,   -46.105172
   93.022048,    40.788688,    17.056985,    31.233180
   68.402617,     6.284610,   -34.116312,    45.415610
   64.311058,    86.758734,    14.643712,    -3.172834
   54.287323,    24.254228,     1.529479,   -12.951525
    7.852198,     9.358177,  -136.689311,    59.270197
   48.689042,    47.151442,    11.323144,     6.348172
   67.862040,    15.069212,    -7.640567,    17.833383
   47.576972,    47.816630,  -120.302065,  -141.274112
   50.581234,    56.613036,    24.575209,   -14.458189
   97.737966,     3.977723,    17.908351,    -5.722857
    4.337408,    99.825814,   -43.500465,   -22.090758
   -0.593478,    65.624638,    66.090679,     7.191779
   66.790610,    74.889294,   -28.085211,     5.771273
   70.133738,    75.714913,     1.993429,    20.787837
   80.064709,     2.603427,    -5.744307,    33.141246
   59.622457,    36.800136,  -117.413048,   -53.232356
   58.687396,    26.643705,    -6.078188,    -9.370101
   33.468951,    51.247081,   -27.094911,    57.961514
   93.107315,    79.259890,     2.289549,   -50.007031
   40.250260,    25.827585,   -18.262716,     9.013117
   79.772188,    78.305033,   -62.501953,   -55.132393
   77.828403,    59.967974,   -27.609292,   -14.710863
   62.563789,    31.742142,   -72.685800,  -140.325819
   92.703526,     4.678602,    22.333472,   -29.829786
   19.895437,    76.413083,     3.103524,   -12.408531
   76.535609,    59.211026,    -2.040466,    -6.225094
   31.512334,    16.404497,   -30.877027,     8.623989
   97.165186,    22.117452,     7.181669,    22.811144
   33.697426,    77.836790,    28.752824,   -27.271924
   81.564452,    62.258545,   -52.674339,    42.851593
   90.948902,    75.523534,   -18.283065,    -4.686078
   62.796923,    37.540826,  -403.554741,   -12.808240
   72.124982,    63.731646,   -39.163341,   -55.230560
   46.763981,    14.986277,    21.361224,   -80.921567
  102.414711,    33.458289,   -56.999296,   -19.048251
   53.356706,    21.598002,     0.998890,    11.299300
   21.251190,    55.156120,    12.280515,     6.866253
   73.159762,    40.256594,   153.698817,   -17.646984
    9.575566,    93.016840,    27.070951,   -10.407307
   36.772675,    49.915296,    -1.940954,    -0.191536
   20.131553,    71.257931,   -48.552039,    -4.610468
    8.915929,    16.313068,   -16.598826,   111.271748
   70.856454,    51.104244,    18.031005,     6.531171
   39.138851,    92.562300,  -280.149651,   -11.383058
   42.723195,    61.453828,   -10.695547,     5.103942
   35.443953,    67.276382,   138.534367,  -110.027019
   82.825386,    90.963646,   -29.380377,    59.958406
    3.546646,     7.736367,   -20.710842,   -11.813930
   26.696008,    39.049508,     4.557448,    11.645812
   83.885883,    42.535826,   -80.886249,   -29.531257
   20.171420,    73.419720,    52.016774,    36.675415
  -27.796252,   112.348558,   714.898261,  -218.661127
   -1.045638,    64.114147,    90.809426,   -42.261117
   66.353600,    79.904378,   -12.240777,   -15.927480
   21.161918,     3.106057,    -6.274525,    16.640602
   39.050108,     7.203216,    -5.661976,    -0.393051
   62.668030,    82.318564,    48.407215,   -29.436102
   46.879171,    94.631422,     3.412061,   -44.983457
   49.740160,    13.167691,    60.013478,  -116.616189
   19.403114,    82.323768,    -2.599342,     4.605267
   60.608794,    67.398456,    16.803064,    -0.791509
   23.223324,    14.692568,   -77.593978,  -145.866018
   33.061609,    35.246079,     3.871868,    34.382198
   41.906668,    94.987887,    47.773030,    34.647488
   87.519651,    65.095357,    95.768632,   -21.338001
   66.569452,    30.177582,     4.319286,    41.557567
  104.319559,    21.517118,  -116.761245,    20.234608
   26.253952,     8.538264,     1.833326,   -64.362050
   40.399853,    79.424456,    39.583438,   -87.957906
   83.167043,    60.567373,   -31.518687,   169.209832
   47.964882,    20.455677,     2.296809,   -30.163715
   13.919617,    48.580852,  -965.414298, -2507.646370
   13.951801,    48.665563,   939.414743,  2498.632638
   35.779216,    96.654040,    38.442916,   -37.356817
   14.887928,    50.238911,   -33.620194,   -35.919767
   31.606988,    79.305216,   -71.241460,  -111.405094
   86.002188,    28.522297,     5.186787,    -5.004547
    8.529572,    15.629572,    42.691973,   -35.277749
   65.822263,    69.000769,   -19.889030,    35.529011
  111.074362,    66.068054,  -308.198809,  -483.268778
