x-position, y-position, x-velocity, y-velocity
   43.550809,    33.407395,     9.103107,   -12.440269
   24.254952,    42.567364,   -34.733335,    24.720163
   85.665032,    61.093037,    60.773311,    18.965977
   60.625584,    73.552027,    29.778698,   -66.105712
   51.885253,    34.795224,   -28.789807,    80.442150
   77.952550,    91.265939,    44.842085,    -9.692085
   91.305062,    83.731084,    33.948033,    -3.701889
    6.054176,    29.767693,    42.051623,   221.195189
   39.770313,    74.294746,    11.514153,     5.633189
    0.625983,    69.872600,    65.152231,     5.873665
   51.325340,   -10.419365,   606.729501,   223.501613
   56.285873,    76.500571,    21.754280,   -31.826546
   65.104808,    59.467186,   -13.272147,   -17.058451
   54.631330,    50.604201,    52.237199,   -35.531674
   30.398487,    93.388380,   164.078663,    19.980222
   23.677712,    92.458601,   184.564260,  -175.074751
   29.925859,    94.609361,    29.430068,   340.345197
   40.344652,    32.435122,     8.262978,   -66.958292
   62.268115,    35.305072,   -98.152617,   -28.094802
   22.247594,    88.605689,   -21.951953,    36.607402
   69.480672,    89.373608,   -23.898249,   -27.237706
   33.414106,    89.753973,    48.039269,   -21.951616
   91.439155,    83.717651,    33.975340,    17.162527
   80.908450,     5.531343,   -10.018926,    47.791584
   95.161654,    33.866525,     1.405116,   -18.428520
   94.006654,    49.923240,   -12.818661,  -225.551266
   45.857478,     8.241467,     0.066390,   -35.715414
   98.968110,     9.194002,   -33.412682,   -14.240651
   65.009218,    91.122796,   -34.205169,   -69.908607
    7.980804,    97.575485,   100.619956,   -89.535827
   85.590326,    18.435548,   156.545153,  -133.554926
    5.962147,    40.260407,   -51.541066,    -9.219852
    6.407935,    93.345559,    30.612411,   -56.179872
   58.467338,     3.624513,   -56.381351,   -31.625153
   16.342809,    72.348216,    17.037754,   -27.322510
   14.403008,     5.189244,    26.440459,    19.623262
   85.234616,    59.037644,    45.630464,     9.994027
   10.953871,    69.657992,   -18.308483,   -11.121726
   42.097402,    11.213620,   -14.962767,    40.223736
    3.155235,     3.162134,  -158.901034,    98.180446
   54.561562,    63.628308,   -82.598355,    83.505152
    6.212897,    98.757264,   -28.690647,  -222.630939
    7.819457,    13.748373,    16.900959,     9.119051
  -33.310147,    58.859413,   379.304901,   172.866253
   42.979847,    74.731468,   311.715422,    63.149079
   54.917444,     7.891424,     4.714886,   -39.794042
   84.300576,    42.844544,   -71.756988,  -295.581338
   83.007812,    -1.335156,   -10.865233,    77.145518
  117.086638,    90.676541,  -896.928024,  -295.864057
   54.236023,    21.870404,     1.408743,   -10.505124
   55.118219,    28.085055,    49.611106,    56.489462
   93.185109,     9.216002,   -23.321635,    50.572597
   63.348530,    36.889008,   296.622948,  -186.075683
   58.705831,    21.141512,    30.666582,   -43.301305
   55.196393,    62.753728,   -51.228202,     5.339601
   84.602742,    63.281404,   -12.691613,    23.962871
   44.393023,    15.673993,     5.846131,   129.419938
   30.931950,    38.982825,    22.831412,   -44.811833
    1.246586,     7.228826,    27.299046,   -43.599808
   22.800353,    84.237740,     9.769222,  -116.403263
   70.111046,    66.471068,     0.916054,   -16.946292
   38.290935,    -1.872450,     4.359926,    62.606296
   38.888305,    65.195602,   -49.864652,    24.538753
    3.397880,    74.698580,   328.026623,  -296.728569
   58.673457,     7.120975,   -37.452058,   -47.172138
   85.108279,    88.085769,     8.738641,    41.739648
   -4.607819,    11.922140,    81.004205,   107.820803
   43.333059,    40.448631,  -144.274707,   -80.899405
   45.952396,    78.861294,    32.813393,    41.771729
   55.964656,    -3.952218,   167.402559,   211.741304
   86.706250,    42.878470,   -10.061260,   -63.162607
   66.160555,    96.512472,     5.666554,    -0.540209
   84.787245,    77.662189,    19.240407,    16.832172
   81.124507,    71.086157,   186.716840,   -38.117072
   19.998274,     7.844174,   -30.685276,    19.724264
   67.437652,    43.022216,   137.625483,   149.194165
   36.375539,    90.450831,    21.847817,    86.901402
   75.377266,    62.117418,    81.301675,  -112.696143
   37.198880,    18.025571,   317.428653,   -31.067955
   51.413259,    80.401021,    -1.831393,   -35.467103
   31.264933,    17.155862,     6.918412,   -14.173528
   83.710519,    16.520310,   -71.503254,  -387.364657
   70.979823,    49.347468,    29.361640,    24.207725
   51.594798,    45.367488,    -0.847255,   -12.423690
   85.250355,     9.040989,     1.352640,   -54.913291
   75.108250,    42.549239,   -20.732393,    -0.310012
   27.532963,    90.939515,   394.760792,  -138.769153
   90.687744,    87.409944,    -0.741058,   -29.293183
   52.028460,    88.998517,    73.436973,    60.756339
   43.841244,     8.462286,     5.074705,   320.042282
   97.693924,    36.827563,   -13.277283,     3.151311
   82.861850,    85.219518,    90.391380,   168.839686
   53.656352,    53.297748,    54.700777,    -6.693093
   30.401614,    40.206518,   -73.657588,    -4.849989
   81.371013,    67.519355,    40.122170,     4.217239
   71.887641,    11.342581,    54.829743,   -57.005050
   62.022199,    80.439903,    31.118106,  -145.355397
   19.614591,   104.084585,    92.262945,  -198.969524
   53.584580,    49.201061,    -4.704528,    -3.408161
  103.883819,     8.938049,   -72.105505,    44.720016
    3.026696,    62.488853,     5.866973,   -40.443370
   72.922173,    65.512929,    17.233903,    67.240657
   19.476938,    92.013272,    29.814017,   231.194342
   34.809974,    71.795078,   -18.639250,     1.198513
   55.779927,    40.160813,    -5.562691,    59.234625
   55.175384,    93.166238,    40.334939,    42.848922
   64.090488,    20.608759,    -9.051254,     8.735060
   40.508538,    45.809168,    -1.599434,   -22.804069
   43.726304,    14.792244,   -24.464147,   -33.358422
   20.605298,    22.218759,    76.023274,    25.178095
   53.511717,    52.577333,    64.309130,   -13.712574
   30.687263,    80.975328,    38.157838,    53.831443
   40.490715,    65.435630,   -37.671302,    20.003186
    8.184143,    59.306910,    20.706994,    -4.368479
   15.194349,    29.249448,    -0.565052,   -15.173900
   86.435312,    12.942973,    15.613662,   -57.865527
   66.425771,     9.819912,    -7.666345,    -9.879014
   88.448679,    37.599040,     0.329425,    -4.454092
   15.577750,    78.916321,    -0.246108,    18.645696
   68.597396,    42.160941,    -7.798708,   -14.809255
   83.878656,    81.732586,   -33.307489,   -19.235232
    8.605438,    83.211183,    11.161723,     0.826474
   45.560521,    23.468462,   -86.160833,   -17.061763
    7.413315,    92.363759,    90.050113,    16.867046
   32.665391,    99.583047,  -124.228507,    -7.194121
   65.123390,    45.984085,     7.534471,    37.548714
   19.758715,    11.880505,   -17.086014,     8.155539
   60.625963,    53.164191,   -45.492993,    11.736796
   67.143625,     1.537363,   -17.207723,    17.997309
   73.087104,    28.736567,    13.553297,    -8.880738
   92.887993,    36.131039,    10.116746,   -16.197229
   76.774213,    44.811629,    -2.681769,    15.450567
   27.417438,    23.826414,    35.987002,   -75.459090
   76.037387,    61.907252,    13.693942,    -9.310911
   76.949380,    82.134912,   -15.387287,    14.828141
   42.317290,    82.147691,    24.417570,    15.596024
   33.266531,    37.059517,   -12.196198,    10.008980
    9.704356,    61.323035,     0.114311,   -42.884467
   66.280374,    84.019331,   -13.922180,    27.131048
   13.059773,    82.641436,    32.920147,    12.012015
   76.680619,    37.798467,    -8.871028,   -15.570420
    1.898018,    17.073126,    43.886825,   -94.426658
   56.612576,    69.638163,    83.056250,    64.338740
   48.734117,    80.401605,   -15.714702,    17.417317
   86.405988,    75.776491,   -47.823928,    25.666528
   51.797742,    85.264470,  -754.573851,   254.016408
  -71.355032,    31.134601,   989.072829,   299.037072
   38.159407,    90.641061,    40.238315,   -14.735489
   89.604771,    87.740266,     0.219139,    16.059039
    6.544154,    21.066394,   146.039759,   -68.855140
   50.533033,    59.670006,    -9.134740,   -13.823981
   78.839199,   101.574705,   161.097796,   -99.931209
   88.015379,    93.509836,    71.314559,   -31.700915
    9.306066,    88.369957,    21.547866,   -19.926458
   26.123962,    23.499720,    -8.192621,     7.270421
   15.627265,    74.549340,   -42.567624,    36.715289
   89.242076,    52.125243,   -62.199928,    21.639485
   48.722490,     2.736030,   103.277559,    -0.626208
   34.416044,    47.813732,   -49.632025,  -189.316054
   82.339883,    51.542880,    59.208483,   -41.595622
   57.754292,    22.724847,    85.005197,    80.699392
   20.348665,    51.403527,    35.596446,    27.898258
   70.038825,    59.031874,   -24.201614,    42.028734
   66.928324,    88.718213,  -125.280245,   -19.013245
   86.069378,    51.283023,   169.821631,    51.930213
   17.854533,    95.790920,     7.322382,    54.469213
   36.440429,    18.100846,  -270.745871,   -44.385331
    9.749707,    56.400675,    54.017342,    95.966359
   46.534509,    59.388718,     6.658574,    -0.780134
   29.751500,    53.282723,     0.118512,   -28.248683
   43.467758,    13.761800,   -24.727533,   -48.865261
   47.075030,    19.097837,   280.193916,   -47.575565
   37.748858,    91.068629,    50.771339,   104.268844
    4.415824,    60.414120,     1.758152,   -50.770224
   20.356773,    79.592997,    19.895249,    20.571483
   49.871014,    82.929939,    10.392788,    26.416306
   10.075933,    81.993834,   161.889010,   -40.190661
   22.786376,    86.592658,    77.883745,    23.777822
   31.842893,    42.445710,   -15.830365,    -6.963016
   27.831123,    17.069751,   -11.857899,   -15.662221
   89.632892,    44.823430,     3.470186,    62.052407
   80.813386,    80.420748,   -38.873969,   -73.142805
   39.230653,    53.378967,   -16.422309,   -66.637135
   77.864909,    11.198484,  -106.672830,   156.614707
   75.647400,    48.578738,    83.284523,    41.250864
   11.247909,    31.198035,    50.295578,   -29.209336
   81.789366,    38.796491,     0.541033,   -38.031653
   31.509685,    87.625058,    27.901860,    -0.336468
   16.637546,    -2.646852,  -137.283492,   107.613764
  110.024750,    66.252429,  -146.873973,   -53.840802
   87.566138,    92.239585,   -27.420180,    42.104788
  -82.621815,  -202.183789,   965.414298,  2507.646370
  107.893277,   298.528831,  -939.414743, -2498.632638
   27.717423,    38.167959,   -44.679191,    36.818813
   11.134722,    10.501859,   -13.956993,     6.406879
   64.463146,    39.226015,   -31.935024,    81.339154
   81.097629,     5.371322,    -4.493398,   -21.272784
   81.235021,    30.634491,   -25.711240,    -7.237992
   44.975731,    35.505513,    59.143501,   -50.523463
   10.965286,    47.232752,   -53.893351,  -199.118267
