x-position, y-position, x-velocity, y-velocity
   99.758399,    37.756936,     3.539110,     3.961464
   58.347965,    34.450807,     0.559862,     0.806090
   97.205090,    71.321058,     1.394865,    -1.054927
   74.822117,    73.455367,    -0.031497,     0.042367
   28.263586,    39.473142,     1.468202,     5.744791
   40.281098,    74.042783,    -3.265162,    -2.427178
   11.296685,    87.297509,     2.091344,    -6.217555
    2.410269,    29.743498,     0.276108,    -0.499613
   35.309066,    58.421095,    -0.012768,     0.006377
   39.008505,    27.788887,     4.990415,     0.435820
   22.532061,    84.712406,    -0.018531,     0.158948
   13.667151,    26.271193,    -0.135583,    -0.339892
   89.044486,    83.077642,    -0.933232,    -0.732548
   41.671271,    69.695195,     0.464905,     3.193458
   97.962205,    35.746385,    71.568487,   -39.405204
   63.032720,    41.931085,   -17.244686,   -10.258562
    2.536905,    28.550875,    -0.016203,    -0.215170
   65.725473,    24.888019,     0.145614,     0.274610
   63.988314,    66.487093,    -1.294460,    -0.408744
   32.975839,    61.109903,     0.000533,     0.000196
   13.441950,    29.068939,   -15.211092,    -4.245282
   36.959975,    97.863697,    -1.849545,     5.147794
   22.338507,    82.590943,     0.050551,     5.242915
   96.885407,    26.623510,    -0.000028,    -0.000101
   60.237650,    16.539358,     0.281523,    -3.934737
   55.549808,    53.066749,    -9.670799,    -1.855389
   48.375062,    15.087413,     0.650165,     0.628793
   33.660344,    97.874353,    -0.049849,     0.014896
   11.826598,    23.417799,     2.814747,    -2.608297
   75.237801,    72.878266,    -0.138085,     0.139928
   61.775703,    32.876480,     0.265765,    -0.920940
   73.736413,    83.678521,     4.069192,     5.790142
   89.835992,    54.824952,    -0.000105,    -0.000062
   64.279954,    96.017458,    -0.946844,     0.003110
   15.922670,    93.017573,     0.003593,    -0.000352
   57.154094,    63.682973,    -1.427856,     0.222420
   97.887364,    30.265289,    -0.008298,    -0.611976
   99.915085,    18.299217,     0.000000,     0.000000
   26.300491,    84.531271,    -0.051411,     0.069882
   56.021545,    62.970398,     0.454857,     0.978357
   64.422148,    66.761704,    -0.729193,    -1.273685
   54.869260,    22.556788,    -0.460382,    -0.958730
   97.871084,    79.991522,     0.077663,    -0.006434
   90.292884,    39.709985,     0.000387,    -0.000063
   65.870156,    11.828968,    -0.066344,    -0.025875
   78.391826,    92.124975,     2.233587,     6.796104
   46.233482,    13.496292,     1.501394,     3.207627
   92.870787,    70.310571,    -0.177562,    -0.125921
   15.501906,    53.062485,    -0.029226,     0.014597
   49.007791,    76.207289,    -5.362203,    -0.129019
   96.511533,    67.254649,     2.130775,   -12.906100
   34.464011,    87.350076,    -0.060739,     0.051021
   12.466444,    83.240140,     0.005050,    -0.017254
   61.816603,    95.760029,    -0.008921,    -0.001282
   82.241204,    23.004420,     0.000284,    -0.000148
   94.917044,    57.538285,    -0.566103,    -0.539543
   81.609602,    96.010794,     4.347470,    -1.627745
   47.045057,    84.334136,    -1.850498,     0.753467
   38.232638,    18.242154,     0.422739,    -0.209771
   42.739414,    71.248876,     0.048391,     0.034470
   53.962605,    79.893288,   -10.076736,    34.145547
   99.605888,     3.564530,    -0.940601,     0.213540
   99.049080,    91.757229,     0.000000,     0.000000
   75.222372,    71.089090,     0.187921,     0.704536
   96.573346,    74.888833,     1.623347,    -1.434200
   11.517591,    92.473559,     1.187228,    -0.679133
   68.172367,     5.564079,    -1.665329,    -0.267295
   76.358282,    52.336744,     0.344928,     0.718926
   94.551526,     7.047309,    -0.568090,     0.389578
   57.933571,    24.264756,    -4.078109,     2.269653
   82.387234,    69.370775,     0.207750,     0.062757
   64.007689,    33.105640,     2.353762,     0.816320
    5.407052,    75.399027,     7.977183,     0.962083
   47.133173,    75.844909,    -1.484507,     0.350660
   76.672744,    -1.087949,     6.299079,    47.246739
   14.615705,     9.690556,     0.000507,    -0.001619
   59.151923,     5.847247,    -0.001452,    -0.000658
   53.000750,    78.798698,    -0.315028,     1.696826
   89.042585,    70.300057,     0.086245,     0.487690
   35.705028,    38.763090,     1.493709,     2.490636
   67.024826,    52.005897,    -0.200789,    -0.519276
   66.813134,    51.085042,     0.013248,     0.120607
   48.762209,    56.657573,    -0.570013,     2.114619
   27.879012,    59.182126,     1.172809,     0.006616
    8.736283,    30.413268,     0.049008,     0.018183
   11.042858,    30.202605,    -0.248721,     0.102549
   55.377308,     8.304660,    -0.000000,     0.000000
   38.259572,    97.684895,     0.316737,     0.487117
    2.413090,    73.059797,  -417.956687,   -82.886821
   78.963760,    78.765987,    -0.139593,     0.720844
   64.128401,    32.556036,     1.245066,     0.095057
   78.085327,    25.180070,     0.501673,    -0.243544
   95.404495,    26.431842,    -0.000032,    -0.000050
   12.310193,    62.188213,     0.000000,     0.000000
   32.518241,    93.840749,    -0.013878,    -0.000812
   60.084783,    99.226082,    -0.000975,     0.000014
    5.755925,    23.222566,    -0.007875,    -0.021192
   12.905312,    94.450825,     0.466193,    -0.250003
   22.341808,    85.024985,    -0.024118,     0.122986
   10.945808,    70.239311,    -0.006253,    -0.059890
    8.304437,    55.896481,     0.015003,     0.002460
   27.636854,    45.193389,     0.515803,     0.260456
   45.139883,    25.427961,     2.271146,    -2.343348
   21.628388,    89.868624,    -0.000003,     0.000021
   57.085903,    15.371522,    -0.062999,    -0.059821
    5.575053,    68.358090,     0.809739,     4.440473
   42.607050,    46.281420,    -0.060563,     0.031958
   40.375607,    31.530100,     0.088927,     0.070111
   97.681957,    48.611536,     0.000000,     0.000000
   69.803210,    65.307772,     0.575301,    -3.277413
    2.494636,    81.357960,     0.670162,     0.052278
   48.512971,    98.608975,    -1.897409,   -23.028614
    7.518881,    30.110218,     0.718484,     0.067279
   84.137996,    58.021828,     0.000000,     0.000000
   58.192460,    68.113136,     0.362330,    -0.391525
   58.544490,    15.010627,    -0.106257,    -0.159367
   74.047317,    33.495265,     0.529840,    -0.672067
   12.207913,    16.790083,    -0.293387,    -0.057400
   84.189666,    53.924837,     0.000000,     0.000000
   84.050864,    72.681682,     0.103374,     0.019854
   75.803306,    23.448097,     0.625815,    -0.508582
   84.721704,    20.744783,     0.244816,     0.043145
   53.369837,    97.296410,     0.171100,     0.026513
   65.605337,    98.570607,    -0.628069,    -0.403545
   46.122788,    44.597185,    -8.243804,    10.959296
   42.073467,    25.241212,     2.024006,    -2.944309
   36.216438,    22.369049,     0.000000,    -0.000000
   91.593029,    19.519951,   -24.374311,    42.022366
   44.106485,    86.841414,    -1.408953,     0.657108
   47.254815,     2.395057,     0.169393,    -1.121952
   46.629958,    26.750593,    28.328511,    -1.282994
   63.907096,     8.149754,    -2.112512,     0.131582
   26.972571,    45.027662,     0.110260,     0.655267
   93.777709,    14.667298,    -0.275444,     0.363666
   48.827360,    14.566413,     0.805262,     0.530663
   81.040440,    31.289005,     0.000000,     0.000000
   93.624828,    59.812995,     0.582949,    -0.417291
   66.234670,    68.151869,    -2.665479,    -1.706892
   22.729363,    89.695104,     0.000001,     0.000025
   85.857470,    75.630567,     0.061312,     0.004491
   77.519157,    64.458969,     0.672372,     0.262166
   23.171401,    33.186291,    -3.029865,     3.753984
   61.217328,    41.947570,   -22.051150,   -12.004615
   55.519381,    60.423129,    -5.755688,     0.332670
   96.789788,    98.778218,     0.000000,     0.000000
   95.832131,    58.478364,    -5.759401,     4.517362
   33.280670,    38.097548,    -0.466425,     0.379680
   92.180141,    34.351665,     0.241073,    -0.702276
   34.568261,    74.797083,    -0.001287,     0.000170
   93.149935,    57.385233,    -0.085588,    -0.029550
   59.239695,    51.041489,     1.281988,     0.978333
   57.070393,    67.943687,    10.942010,     3.479215
   18.300778,    68.810010,    -0.057956,     0.042603
   38.516866,    17.815319,     0.319648,    -0.179990
   12.785555,    14.871627,    -1.121611,    -2.309758
   37.410608,    43.482724,     0.233115,    -0.218593
   65.225560,    46.724149,    -4.889449,     1.599748
   52.592851,    44.993187,    -3.427322,     1.736546
   47.208850,    69.253778,    -0.159897,     0.081060
   32.333533,    30.195224,     0.075408,    -0.634112
   23.189124,    24.764400,    -2.569409,     1.342804
   20.070535,    19.113761,    -0.274243,    -0.070931
   42.186340,    42.656862,    -0.026387,     0.100893
   97.970221,    69.306042,    -0.470966,    -0.240054
   54.773335,    14.912407,    -0.007467,    -0.003570
   13.886731,    14.983325,     0.132565,    -0.375682
   83.208045,    67.627627,     0.624939,     0.246745
   84.736281,    57.991845,     0.000000,     0.000000
   66.675443,    63.491474,    -4.932661,   -21.148993
   53.211111,    78.271946,    -1.414835,     1.682679
   63.269497,    77.000156,    -2.015139,    -0.178365
   65.675143,    89.870711,    -6.476569,     0.597841
   93.576878,    10.745864,    -2.992510,    -0.379091
   10.896568,    32.573679,    -0.330267,    -0.248110
   88.710226,    65.311084,     0.477544,     0.111699
   63.598627,    13.955523,     0.234036,    -0.053474
   23.768201,    81.345734,    -0.529273,     0.325934
   16.594084,    54.818431,    -0.064849,     0.038930
    3.070679,    27.098825,    -0.012561,    -0.075833
   24.006860,    78.194144,     0.776602,     4.396621
   31.921673,    51.581577,     0.000000,     0.000000
   81.157345,    50.978548,     0.001782,    -0.000166
   57.798131,    96.215619,     0.000007,    -0.000002
   82.799806,    55.473282,     0.000000,     0.000000
   17.352158,    16.460533,    -5.023651,    -1.466672
   17.172482,    20.381669,     0.083143,    -0.152171
   31.027666,     0.518667,    -7.917218,    67.147720
   27.319484,    97.039049,     0.000000,     0.000000
   54.723789,    78.692903,    -0.589465,     5.349552
   62.319503,    12.442102,     2.075880,    -5.096678
    5.573014,    51.670677,     0.580055,     0.335996
   47.800352,    33.504632,     0.850217,   -20.550991
   11.385434,    61.716338,     0.000000,     0.000000
   61.796163,     9.438930,    -0.026251,    -0.034008
   41.189046,    73.615977,     0.049277,    -1.110970
   71.805557,    78.559307,    -4.743448,    -2.251292
   94.341048,    34.762489,     0.001519,     0.000263
   16.473372,    68.779508,    -0.018806,    -0.976078
   23.626810,    36.604402,   243.150229,   -25.163269
   14.411839,     9.463997,     0.000294,    -0.001086
