x-position, y-position, x-velocity, y-velocity
   95.511395,    43.302778,    -3.540898,     3.957009
   59.005929,    36.223803,    -0.605897,     1.885235
   96.929931,    69.918105,    -1.395103,    -0.934218
   74.776849,    73.531389,     0.093490,     0.099601
   31.216226,    47.927510,     2.619896,     6.224171
   35.694102,    70.676491,    -3.273161,    -2.405791
   14.240644,    81.116155,     2.131813,    -3.181592
    2.648661,    29.064945,     0.385234,    -0.898294
   34.864763,    58.402011,    -3.375133,    -0.815070
   45.348333,    28.007756,     6.481929,    -1.005797
   23.595475,    86.873810,     1.018844,     1.975516
   13.476757,    25.796731,    -0.155169,    -0.303210
   87.737962,    82.052075,    -0.933232,    -0.732548
   42.247957,    73.550517,     0.569973,     2.063812
   46.907671,     3.045478,   -36.550496,    24.649873
   21.736235,    44.067415,   -44.146347,    16.832607
    2.479746,    28.281857,     0.784915,    -0.526147
   66.308601,    25.105369,     0.611521,     0.067726
   61.855036,    65.885659,    -2.749949,    -0.317670
   32.971665,    61.116003,    -0.144063,     0.083529
    9.709551,    31.032425,   -39.970619,    19.575656
   34.346308,    91.767308,    -1.795843,    -5.067984
   21.353376,    86.456079,    -1.019530,     1.833225
   81.777668,     0.747589,   -19.721397,    21.119658
   60.619152,    11.149162,     0.136864,    -3.687521
   42.009801,    50.484729,    -9.664817,    -1.792368
   49.398624,    14.878025,     0.672774,    -1.666868
   33.529209,    97.896474,    -0.101461,     0.016454
   15.569184,    22.337012,     1.909249,    10.291221
   75.053625,    73.083259,    -0.020237,     0.165137
   54.486049,    35.796676,   -10.705459,     4.201366
   79.432309,    91.782839,     4.032601,     5.731141
   89.716405,    54.983838,    -0.171063,     0.218588
   62.970761,    96.024443,    -0.908337,     0.008480
   15.933061,    93.017612,    -2.534460,     0.762713
   55.617147,    64.522771,    -0.971332,     0.774165
   97.312174,    30.676571,    -0.571150,     0.655393
   98.253560,    14.926457,    -1.685508,    -3.709894
   26.282527,    84.674924,     0.242316,     0.296978
   56.193729,    63.806180,    -0.006268,     0.418619
   62.192605,    64.892227,    -4.713604,    -1.294520
   45.949326,    13.858748,   -11.772085,   -10.643228
   97.979812,    79.982514,     0.077663,    -0.006434
   90.293426,    39.709897,     0.000387,    -0.000063
   65.504380,    11.660175,    -0.556741,    -0.252448
   81.476326,    94.840897,     2.233372,    -6.716259
   47.430877,    17.300551,    -0.241798,     2.017462
   92.622150,    70.134322,    -0.180260,    -0.121775
   15.589698,    53.090429,     0.121514,     0.842699
   43.472344,    76.410999,     0.312368,    -1.495073
   95.965099,    49.730389,    -3.676766,   -12.116274
   34.378880,    87.419919,    -0.061151,     0.036923
   12.455680,    80.703252,    -0.045495,    -3.013463
   61.786179,    95.764695,    -0.049246,     0.001635
   81.786562,    22.926393,    -0.396429,    -0.149447
   93.694765,    57.132235,    -1.222657,     0.059308
   87.739555,    93.757195,     4.384276,    -1.606901
   40.715355,    83.849240,    -6.688629,    -1.508002
   33.184140,    19.681377,    -8.997601,     2.601178
   43.190089,    71.449249,     0.560596,    -0.160201
   40.704033,    74.302293,   -14.140090,   -26.507643
   98.290086,     3.862824,    -0.937397,     0.211676
   99.049080,    91.757229,     0.000000,     0.000000
   75.493637,    72.051565,     0.267090,     0.646384
   97.222941,    72.895057,    -1.621033,    -1.412813
   13.174525,    91.520091,     1.178787,    -0.683064
   60.649930,     5.785298,    -8.848151,     0.041216
   76.939894,    53.587817,     0.486146,     1.068256
   94.161701,     5.864387,    -0.103094,    -1.560166
   -0.349271,    56.842523,    79.858680,    43.806975
   82.628444,    69.443122,    -0.288522,    -0.092104
   67.194636,    34.097833,     1.878360,     0.084664
   16.575732,    76.739597,     7.986001,     0.926934
   43.438923,    75.448225,    -2.272687,    -1.667212
    7.932243,    30.593185,   -26.184872,   -74.043258
   14.621988,     9.676863,     0.021589,    -0.039707
   58.779722,     6.531079,    -1.070901,     0.981973
   52.561277,    81.320047,    -0.286979,     1.805966
   89.135197,    71.127522,    -0.050722,     1.211156
   37.703062,    42.319062,     1.247274,     2.450406
   66.949169,    51.199324,    -0.027573,    -0.518994
   66.904721,    50.882060,     0.025860,    -0.384018
   47.923448,    59.553915,    -0.673024,     1.839729
   29.519420,    59.190737,     1.167757,     0.005629
    8.718097,    31.085676,    73.309548,    59.888158
   10.367840,    31.069984,    99.700732,     5.600368
   55.257592,     8.430845,    -0.397552,     0.416835
   38.848863,    97.777547,     0.428936,    -0.439397
   40.818053,    29.437843,   125.296515,    62.888312
   78.768330,    79.775169,    -0.139593,     0.720844
   65.851268,    32.656119,     1.169073,    -0.081413
   72.224469,    21.755720,    -7.400819,    -4.287541
   60.838131,    39.543945,   -36.606888,    13.303557
   12.310193,    62.188213,     0.000000,     0.000000
   32.438700,    93.821003,    -0.127754,    -0.020363
   60.082141,    99.226148,    -0.003077,     0.000050
    5.934113,    12.151700,     0.067130,   -36.205220
   13.557806,    94.102969,     0.123432,    -0.120441
   22.242595,    86.721810,    -0.032092,     1.687794
   10.952314,    70.152226,     0.008701,    -0.063945
   19.820651,    56.814637,     6.307613,     2.726180
   28.410769,    46.120742,     0.492716,     1.103487
   47.830900,    21.859926,     1.786964,    -2.594948
   21.659903,    89.950157,     0.332340,     0.719270
   56.981827,    15.285436,    -0.065576,    -0.057384
    6.694559,    74.573847,     0.796043,     4.439923
   41.938506,    46.251229,    -0.545499,    -0.074374
   34.928216,    33.528927,   -10.948902,     3.899193
   97.854221,    48.523090,     0.484913,    -0.354774
   70.610009,    60.836396,     0.578056,    -3.043409
    3.432863,    81.431149,     0.670162,     0.052278
   48.609701,    68.581866,     2.861834,   -19.627269
    8.125913,    30.914467,   -10.323407,     4.037913
   84.137533,    58.021725,    -0.005492,    -0.001260
   58.663726,    67.564919,     0.175681,    -0.408962
   58.303982,    14.748117,    -0.182679,    -0.191989
   83.247782,    73.809009,   -32.108986,    31.707325
   11.236269,    16.860376,    -2.713265,     0.453393
   84.189647,    53.924834,    -0.000053,    -0.000009
   84.112929,    72.784998,    -0.722261,     0.770874
   74.888083,    21.206096,    -1.444243,    -2.831611
   84.382279,    19.910445,    -0.437351,    -0.851596
   53.759754,    97.402589,     0.336392,     0.087449
   64.728165,    98.007506,    -0.624463,    -0.400608
   35.596211,    60.033585,    -4.257699,    11.759556
   44.878984,    21.113199,     1.990253,    -2.942370
   36.196335,    22.388932,     0.687378,    -1.213879
   60.702651,    76.740123,   -16.422182,    38.594078
   41.832144,    87.633220,    -1.839749,     0.432318
   47.453194,     3.098369,    -0.218310,     1.401725
   84.205674,    26.579392,    25.942663,     0.663157
   60.751308,     7.858506,    -2.520131,    -0.350274
   27.186394,    46.512509,     0.288172,     1.775108
   92.451237,    14.853639,    -1.609885,    -0.089042
   52.376491,    13.211694,     5.512735,    -3.627806
   79.583074,    30.892833,    -1.634502,    -0.364545
   88.940733,    59.161722,    -4.308491,    -0.499872
   62.285251,    66.170352,    -3.663904,    -0.336741
   22.765357,    89.753400,     0.353753,     0.469445
   85.940752,    75.661146,     0.036182,     0.247211
   78.460478,    64.826002,     0.672372,     0.262166
   18.606701,    38.500557,    -3.192853,     3.776984
   35.238868,    23.691209,   -12.786786,   -13.823520
   47.502160,    60.952992,    -5.652677,     0.607560
   96.789788,    98.778218,     0.000000,     0.000000
   92.983425,    64.922211,    -1.383627,     4.851573
   31.639190,    38.453145,    -3.764127,    -0.202715
   92.463896,    33.463770,     0.181640,    -0.595915
   34.548170,    74.807303,    -0.023968,     0.015062
   92.903190,    57.258463,    -0.300812,    -0.094985
   60.835514,    52.435529,     1.043808,     1.013679
   72.111278,    72.986512,    10.370593,     3.592054
   18.005946,    68.974500,    -0.592188,     0.304719
   32.040131,    18.936800,   -11.233918,     2.086452
   11.175592,    11.628538,    -1.091690,    -2.352817
   37.749337,    43.232115,     0.275501,     0.132347
   57.479356,    48.141632,    -6.166587,     0.462762
   47.797779,    47.414155,    -3.421191,     1.720911
   46.894556,    69.251815,    -1.010941,    -0.836342
   32.866544,    29.555891,     0.448468,    -0.415677
   19.591952,    26.644325,    -2.563260,     1.352055
   20.210113,    19.244711,     2.337032,     1.082760
   42.151668,    42.798033,    -0.018876,     0.101382
   97.315471,    68.882029,    -0.457389,    -0.380086
   54.781803,    14.882383,     0.081189,    -0.024976
   12.871867,    12.987046,    -4.457861,    -5.055365
   84.050146,    67.975747,     0.461103,     0.261380
   84.735179,    57.991579,    -0.009236,    -0.002391
   60.433293,    35.131670,    -3.633625,   -19.211012
   51.297044,    80.467965,    -1.329104,     1.550307
   60.433583,    76.782094,    -2.157829,     0.137773
   56.609555,    90.693420,    -6.469084,     0.583845
   78.094819,    13.066900,   -15.692351,    25.254872
   10.448458,    32.260534,    18.476287,    12.633936
   89.239075,    65.517164,     0.004366,     0.277501
   63.839066,    13.884251,     0.069579,    -0.040351
   23.162361,    82.309333,     0.729989,     1.974314
   20.523525,    52.619915,     6.517621,    -3.691673
    2.592153,    27.380732,    -0.559828,     0.416182
   25.273335,    84.104911,     0.942686,     4.109517
   31.922399,    51.584470,     0.006558,     0.029636
   81.160515,    50.978070,     0.002546,    -0.000454
   57.797570,    96.218481,    -0.001671,     0.009768
   82.799806,    55.473282,    -0.000000,    -0.000000
   10.482345,    14.954944,    -6.022535,    -1.163032
   17.994320,    21.176608,     3.523829,     4.915283
   18.632821,    92.210813,    -8.195231,    61.102652
   27.319484,    97.039049,     0.000000,     0.000000
   53.898316,    86.181941,    -0.594723,     5.341141
   65.037056,     5.339133,     1.559221,    -5.446087
   15.462535,    38.989538,     7.947567,   -10.580841
   47.449607,     8.575520,    -2.785013,   -13.733421
   11.385434,    61.716338,     0.000000,     0.000000
   61.322953,     9.219905,    -0.695935,    -0.226176
   40.938172,    72.385257,    -0.278933,    -2.709091
   65.191189,    75.456398,    -4.480106,    -1.971715
   94.345725,    34.763853,     0.003361,     0.001485
   16.447044,    67.412999,    -0.018806,    -0.976078
   -3.689615,    24.105702,    99.008207,    39.714361
   14.417003,     9.452230,     0.018423,    -0.041756
