x-position, y-position, x-velocity, y-velocity
   97.868848,    36.452484,    -1.224329,    -0.989117
   76.839751,    11.070559,    -2.415354,     7.245956
   85.481364,    87.283444,    -2.474844,    -2.606093
   67.827515,    60.323698,    -9.342560,     0.390313
   83.089803,    93.288900,     7.626369,     2.675101
   34.906785,    83.769492,    -2.381433,    -6.058354
   55.820438,    26.362407,     5.222040,     0.239631
   45.759033,    42.912848,    10.133880,     6.717148
   52.873029,    80.169079,     0.559859,     4.032495
   92.748054,    13.108448,     1.272929,     5.460470
    7.181812,    94.736111,    -5.348774,    -5.325928
    1.071136,    19.211914,    12.976985,    -6.413561
   80.727284,    93.559539,     0.782120,     8.773813
   53.475861,    97.215039,    -2.511319,     0.092539
   81.940767,    86.118757,    -3.621495,    -3.936982
   65.916924,    35.200918,    -6.221770,    -8.901841
   30.736827,    81.470114,     5.418644,     9.281342
   25.061023,    67.786748,    -2.865012,     0.160923
   61.520602,    92.016132,     1.494708,    -1.999240
   43.441924,    43.858438,     0.410691,    -3.591883
   87.207811,    73.231638,    -8.015063,    -4.116631
   71.428370,    80.748612,     1.639797,    -2.213046
   90.071304,    30.936954,     2.179469,    -0.580037
   86.321586,    46.324558,   -13.625297,    -4.876909
   67.900495,     9.205713,     1.419751,    -5.924116
   67.018064,    67.515144,    -0.786740,    -6.522317
   57.807736,    15.632588,     3.110656,     7.717704
   62.556206,    75.977189,     7.771082,    -2.654183
   23.976099,    23.501176,     0.211710,    -3.542121
   93.550141,    67.796934,     8.156511,    -8.741803
   83.593660,     4.589505,    -2.872977,     2.383277
   91.544904,    77.202995,     0.989283,    -0.215161
   80.223477,    67.104869,    -4.709770,    -3.803688
   59.329140,    67.631237,    -3.260221,    -6.500201
   24.255243,    56.300091,    -2.918374,    -5.462332
   87.023438,    74.186469,     1.999024,     2.300149
   85.795149,    47.079462,    -2.362132,     0.780656
   84.375411,    30.619452,    -2.089555,     3.724465
   40.475601,    74.798920,    -4.666933,     9.479106
   61.646000,    89.179721,     0.464109,     2.515465
   56.583395,    25.290885,     5.514058,    -2.116404
   87.594069,    21.364987,    -1.307666,    -1.413667
   95.939002,    90.854354,    -3.011639,     2.170216
   36.738205,    70.371272,    -6.045704,     5.928681
   80.917690,     4.719775,     0.588165,     1.190808
   89.140014,    68.388288,     2.844638,    -0.655042
   45.946842,    58.404154,    -3.277379,     6.301616
   97.886053,    77.226411,     2.880872,     1.915973
   28.938897,    16.293205,    -7.245125,     0.861285
   75.361561,    56.831172,    -3.126525,     8.882492
   78.934481,    92.607721,     5.683192,    11.621152
   52.969629,    39.273142,     5.722175,     6.950464
   32.764110,    75.480555,     2.629767,     3.554985
   91.351207,    88.807693,     1.514308,    -1.335438
   38.310175,     2.406392,    -3.287311,    -0.053670
   64.946955,    68.926306,     1.219299,     3.641881
   45.526144,    97.219091,    -3.634696,    -2.904462
   66.996346,    83.311800,    -9.397197,    -2.035633
   19.368623,    31.701295,    -7.370075,     2.236820
   75.425522,    83.122483,     4.394319,     8.662149
   77.493023,    70.137703,     3.447345,    -2.304835
   95.565121,     3.803839,     3.159855,     3.423190
   84.423079,    93.806388,     2.493236,     2.544646
   64.118635,    71.865807,    -6.502564,     2.741927
   86.990101,    91.588774,     3.314486,    -4.499671
   40.770727,    76.862273,     4.649887,    -1.198799
   78.042894,    42.346347,     2.268879,     4.091354
   61.729064,    54.770103,     2.768524,    10.310264
   85.669066,    34.646339,    -4.175411,    -0.589124
   87.922090,    67.325885,    -0.975305,    -2.330878
   56.077857,    71.580640,     3.494284,    -3.076692
   61.740638,    86.380295,    -6.423443,     1.244538
   22.883620,    65.481463,     9.244977,    -2.362784
    7.076391,    14.174153,    -2.973904,     7.736959
   42.582612,    64.458646,    -3.611302,     0.151915
   34.826252,     3.557513,     0.019767,    -5.289331
   13.002546,    29.841522,    -0.768255,     2.987608
   72.659562,    54.038349,    -2.107165,     5.966012
   94.922312,    93.338287,    -0.823121,     0.817665
   20.132371,    38.944270,    -3.268876,    -0.870170
   54.513259,    95.818556,    -0.403384,    -7.345201
   75.219549,    64.836616,    -0.834748,    -7.238590
   16.053754,    71.326547,    -5.288606,     4.858939
   23.967748,    51.711564,    -2.389103,    -3.296310
   36.260714,    14.566620,     0.210263,    -5.207666
    2.887553,    42.610879,     0.810422,    -3.657000
   59.664569,    18.166462,    11.989811,     1.927279
   91.094642,    80.110692,     6.528252,     6.184389
   47.054988,    79.225386,     0.194165,    -4.010614
   88.967079,    85.975576,    -2.828928,    -0.809655
   47.961092,    13.289532,    -2.007540,     3.827273
   61.004442,    22.140780,     2.810796,     5.559252
   69.822288,     8.092545,     0.188785,     7.767621
   36.590194,    37.971153,     0.103416,     3.174802
   42.693368,    24.981789,     6.003006,     0.402062
   70.881306,    83.389933,    -1.283693,    -6.693844
   26.413715,     2.664430,    10.817812,    -2.088186
   45.414594,    93.183147,     6.890814,     2.157568
   53.096117,    78.391165,     3.216111,    -5.224818
   12.907482,    61.745544,     0.026584,    -7.182551
   27.508632,    90.631981,    -3.132654,    -4.778631
   21.119793,    42.216339,     2.936666,     1.133635
   35.428205,    40.659353,     3.475118,    -5.073864
   54.449095,    91.028901,     6.502707,     3.942175
   31.603030,     4.431847,     2.436953,    -5.775340
    4.071037,    63.082897,    -0.271496,     0.879762
   15.754613,    92.069570,    -7.474511,    -1.623094
   19.157649,    48.511814,    -1.341726,     0.739392
   69.043122,    53.966955,    -6.563879,    -8.819080
   86.644863,    52.109667,    13.765407,    -1.483051
   12.803984,    94.175576,    11.428774,     7.649408
   29.870442,    48.803311,     0.093874,    -4.810477
   15.524810,    65.523510,     4.100141,     3.247154
   74.123099,    63.525516,    -1.026698,    -1.813220
   92.517895,    56.950502,    -8.441461,    -8.458218
   44.473709,    94.617973,     2.838628,     1.785152
   39.758643,    15.269205,    -5.285266,    -1.461262
    3.499636,    53.292668,     3.132857,     7.590324
   70.585770,    57.514006,     1.709681,    -9.687117
   98.082339,    87.244305,    -3.830799,    -0.915332
   78.447254,    59.029703,    -4.722739,    -3.693183
   54.724425,    58.511604,    -3.764756,    -7.121248
   62.197208,    87.909408,    -1.714499,    -4.608241
   93.169193,    97.498868,    -5.299878,    -2.826582
   89.547335,    32.049904,     5.082081,     7.410396
   62.318132,     3.612532,     2.860429,    -5.188611
   43.491588,    12.294763,     8.513711,    -4.400061
   31.750080,    61.946982,    -7.917505,     2.869983
   19.492175,    51.249854,    -5.148800,    -0.894132
   62.289461,    11.814871,     3.060578,    -1.990550
   79.437228,    96.952370,     3.732821,     0.749753
   81.884156,    31.094299,     3.407018,     2.102067
   25.094706,    27.202492,    -7.617089,     1.776000
   97.573884,    12.895800,    -6.962724,     1.945278
   58.125907,     6.854603,     2.161098,    -2.237622
   57.491982,     6.443929,    10.841355,    -0.707003
   93.805152,    87.253065,    -0.532610,     0.771612
   55.213449,    67.691489,    -5.048417,    -5.303008
    8.704309,    85.156147,     5.796778,   -10.456661
   86.438564,    87.831563,     5.574956,    -2.524118
   53.428516,    54.486853,    -4.750063,    -5.951526
   59.505498,    20.515849,    -3.535982,    -1.356512
   61.861395,    92.950754,    -3.263583,     8.769680
   50.980200,    61.915917,    -3.920930,     3.233340
   80.143247,    87.955293,     3.921541,     6.094825
   85.594019,    72.785199,     7.525724,     1.147719
   78.125143,    11.639932,     3.712704,    -0.516485
   74.535398,    26.604405,     1.965081,    -6.579283
   36.367800,    93.468856,    -8.359387,    -1.393468
   70.901263,    44.611084,     5.655520,     2.142742
   34.893222,    61.754598,    -2.477640,    -0.475348
   46.415117,    64.355233,     4.138168,    -4.109453
    3.842094,    97.683598,    -0.619103,    -0.733740
   74.634268,    42.150156,     3.976470,    -8.821971
   21.342885,    34.728901,    -1.660985,     1.628512
   21.360152,    31.408785,     0.688157,     5.028385
   68.329035,    59.074919,    -4.347372,     0.803064
   37.630225,    79.020406,     7.982448,    -3.235284
   56.751798,    76.232203,    -4.209229,     4.926608
    4.404728,    14.886508,     4.712613,     6.412829
   11.336077,    67.501161,    13.900359,     5.129125
   21.859952,     3.508863,    -4.470056,     0.179637
   81.887593,    42.251240,     1.744609,    -1.144424
   92.201516,    82.324760,    -2.548060,     6.722341
   85.786313,    43.690872,     9.050807,     3.258356
   55.600756,    21.539727,     6.360293,    -3.468478
   95.589384,    77.597293,     1.795751,    -8.085445
   81.975258,    41.661677,    -3.400324,    -4.781865
   19.461057,    91.506418,     3.920351,     3.254648
   95.753465,    91.907139,    -0.879248,     2.679144
   55.503431,    38.298107,    -0.484954,    -6.089734
   89.890630,    88.409447,    -1.892331,     1.746125
   94.513756,    64.603560,    -3.297010,     2.394728
    9.419972,    14.654928,    -5.359548,     7.536412
   76.175945,     2.949645,     1.896868,     2.401344
   83.018667,    34.804922,    -7.643046,    -5.798366
   31.815164,    38.075034,     1.539593,     9.580769
   41.018478,    23.656489,     8.170834,    -1.711038
    5.612911,    49.604916,     0.936697,     1.920264
   41.678694,    71.859162,    -3.403485,    -2.065528
   18.184020,    92.239563,    -3.814710,    -8.448179
   94.659405,    22.424899,    -5.102701,    -4.427769
   48.164786,    90.486731,    -5.253575,    -6.796047
   44.200762,    36.180850,    -3.438910,    -4.472908
   40.184841,    60.196754,     7.403557,     9.433501
    9.018986,    39.583425,     6.133221,     2.411438
   72.204451,     8.863856,    10.631643,     4.141413
   19.354905,    67.314962,     4.569707,    -0.678146
   77.209022,    96.481981,    -0.680080,    -2.943163
   57.606397,    36.717632,     1.263694,    -3.392475
   23.280995,    79.175304,     7.260305,     6.707386
   30.461005,    46.006805,    -2.145675,     5.270320
   13.792331,    52.236241,    -6.141866,     2.975296
   61.404630,    31.696868,    -5.360126,     6.676308
   79.665528,    82.618177,     7.041850,     0.815918
   85.298218,    87.552150,    -1.556176,    -3.361848
   20.281258,    41.473589,    12.815018,     6.203906
   66.250225,    52.569977,     5.007864,    -1.780300
   77.217931,    45.982801,     5.557778,   -14.956207
   74.409995,    47.180491,     4.499235,    -1.582254
