x-position, y-position, x-velocity, y-velocity
   99.758399,    37.756936,     0.000000,     0.000000
   56.448553,    32.016480,    -2.658318,    -2.710851
   96.625622,    71.781460,     0.000000,     0.000000
   75.044841,    73.241070,     0.000000,     0.000000
   52.856083,    86.071462,     4.937478,     1.532239
   44.856914,    82.900438,    -6.871887,    -1.268661
    8.285786,    96.192325,    -0.158857,     7.795521
    1.530168,    31.533506,     0.000000,     0.000000
   32.584582,    53.056999,    -0.492006,     3.324276
   34.882138,    24.111438,     0.000000,     0.000000
   13.065396,    87.854585,    -0.603658,     0.343475
   14.182881,    26.555114,     2.996563,     2.218820
   90.151927,    84.134620,     0.000000,     0.000000
   37.121261,    44.731986,    -7.449900,    -0.907381
   35.401819,    73.935287,     9.028659,    10.849643
   65.798741,    51.727401,    -1.599290,     1.793142
    2.594722,    29.199396,     0.000000,     0.000000
   56.322570,    26.920513,    -5.046605,    11.154154
   64.748352,    66.060229,     3.337367,    -2.482625
   40.691159,    48.930944,     0.865042,    -7.983437
   80.640621,    63.062249,     0.111677,    13.653970
   54.504180,    69.873250,    -1.402212,     3.733922
   53.961863,    54.576806,    14.255605,    -6.393846
   95.745943,    23.317011,     1.533157,    -3.305330
   64.001255,    49.586950,    -0.401259,     0.855591
   67.903344,    56.568663,    -0.390050,     0.514931
   46.231349,    13.025382,     0.000000,     0.000000
   33.671497,    97.868469,     0.000000,     0.000000
   11.045141,    38.361881,    -1.900923,     1.047649
   75.789877,    72.349177,     0.000000,     0.000000
   72.880090,    36.337529,    -3.284811,    -7.998582
   72.185743,    91.078276,     0.000000,     0.000000
   93.727826,    56.607885,     2.426248,     6.293528
   66.164683,    96.007864,     0.000000,     0.000000
   14.218213,    90.970920,   -14.618476,    -2.283845
   62.150605,    63.842495,    -0.541143,    -1.831112
   94.348374,    22.944895,    -5.473711,    -8.531887
   97.596959,    19.294564,    -4.366032,     2.534717
    4.727319,    91.190918,   -10.613841,     6.129868
   59.864085,    63.286500,     2.524321,     2.534340
   66.245704,    70.883396,     0.000000,     0.000000
   69.027306,     5.010800,    -3.582384,    -3.405437
   97.798250,    79.998144,     0.000000,     0.000000
   85.284216,    35.830470,    -4.570763,    -4.101045
   66.134544,    11.885970,     0.000000,     0.000000
   73.156992,    75.615105,     0.000000,     0.000000
   40.843071,     3.949921,     0.000000,     0.000000
   92.934139,    70.365418,     0.000000,     0.000000
   15.635684,    52.995133,     0.000000,     0.000000
   67.778401,    75.503423,     0.000000,     0.000000
   77.191817,    65.120111,    -0.960317,     2.281491
   26.269818,    77.849002,     3.119944,   -12.453884
    9.420421,    80.276511,    -2.348498,    -4.066415
   61.860028,    96.436758,     2.031494,     2.381105
   78.377092,    19.249942,    -2.776226,    -5.398865
   94.949161,    57.919794,     8.551248,    -5.111923
   73.381737,    99.085290,     0.000000,     0.000000
   57.316450,    96.391889,     1.076008,     3.942967
   38.105372,    18.305741,     0.000000,     0.000000
   53.258242,    68.708688,    11.660395,     2.534801
   54.845550,    33.413783,    -4.201781,    12.127683
   99.794009,     3.479114,     0.000000,     0.000000
   99.049080,    91.757229,     0.000000,     0.000000
   74.884656,    69.191851,     0.000000,     0.000000
   95.422147,    75.919022,     0.000000,     0.000000
   10.074233,    93.271231,    -3.273099,     4.465144
   93.780506,     8.899801,    10.585348,     1.291484
   75.418825,    50.435002,     1.063117,     0.780070
   89.761016,    28.394725,    -5.659756,    15.407085
   65.544598,    26.733014,     0.522334,    11.459711
   81.567157,    69.147838,     0.000000,     0.000000
   65.257697,    40.720395,    -3.258852,    13.732539
   14.998512,    69.094168,     1.708620,     1.807235
   51.338641,    77.556730,     1.475893,    -4.876768
   13.776228,    75.712292,   -12.286929,   -20.637617
   14.615660,     9.690718,     0.000000,     0.000000
   59.152125,     5.847335,     0.000000,     0.000000
   53.317949,    78.489143,     2.053392,     1.871345
   88.328025,    68.656927,    -3.739313,     2.600367
   31.077207,    31.845426,     0.000000,     0.000000
   66.566894,    54.423919,     2.023790,     1.506571
   71.945972,    51.927077,     6.378919,     0.683214
   42.368145,    41.674203,    -2.022266,    -2.896095
   17.714712,    68.894400,    -2.224754,    -4.093681
    8.579391,    30.435197,    -2.134560,     3.320953
   12.094019,    29.376166,     7.706458,   -10.407734
   55.377308,     8.304660,     0.000000,     0.000000
   38.182910,    97.519628,     0.000000,     0.000000
    2.499801,    73.088101,     0.000000,     0.000000
   79.498629,    76.050948,     0.000000,     0.000000
   58.634651,    32.105744,    -1.880902,     7.896903
   83.875711,    34.792897,    13.194079,     7.413397
   92.382645,    22.836133,    -2.351740,    -4.942746
    7.717491,    70.245685,     0.361591,     0.007459
   32.527802,    93.841035,     0.000000,     0.000000
   58.947136,    98.459484,     6.358952,    -5.565184
    5.767137,    23.257102,     0.000000,     0.000000
   11.881305,    94.645394,    -7.182165,    -1.207069
   28.998816,    85.854752,     6.442559,     3.296711
   23.189903,    85.613748,     0.602305,     9.960767
    8.260838,    55.889957,     0.000000,     0.000000
   27.800560,    38.017335,     3.698342,   -12.298929
   44.895042,    25.669000,     0.000000,     0.000000
   35.558750,    72.247084,     8.979755,   -24.709714
   57.132836,    15.427252,     0.000000,     0.000000
    3.406928,    44.024768,     0.000000,     0.000000
   42.297086,    46.104397,     0.728131,     0.096240
   40.387449,    31.628673,     0.000000,     0.000000
   97.681957,    48.611536,     0.000000,     0.000000
   69.567898,    69.284525,     0.000000,     0.000000
    1.489393,    81.269088,     0.000000,     0.000000
   13.056510,    42.302715,    -2.441235,     5.959356
    5.630949,    30.021725,     0.000000,     0.000000
   89.582550,    55.372053,     2.820138,    -6.083635
   68.170393,    72.808839,     0.000000,     0.000000
   58.613131,    15.134560,     0.000000,     0.000000
   83.969944,    35.491980,     5.784920,     9.698392
   12.488232,    16.878590,     0.000000,     0.000000
   82.992314,    54.839649,    -3.430953,    -0.500467
   83.664601,    72.609205,     0.000000,     0.000000
   74.195546,    23.204997,    -2.590894,     2.049320
   76.132402,    21.324380,    -6.524662,    -8.248936
   52.764401,    97.676207,    -2.470677,    -1.938138
   66.882982,    99.363566,     0.000000,     0.000000
   64.799127,     4.635982,    -4.496733,    -2.356457
   41.649822,    25.837185,     0.000000,     0.000000
   36.216438,    22.369049,     0.000000,     0.000000
   63.551129,    43.739125,   -13.920505,     4.014469
   48.716564,    82.148925,    -0.447123,    -0.210484
   46.799918,     5.423553,     0.000000,     0.000000
   76.209479,    86.528195,     0.000000,     0.000000
   82.392146,    18.356398,     6.236139,    11.900176
   27.931859,    43.877495,    -1.483902,     4.295714
   92.075325,    18.894440,     1.396830,     2.340347
   46.154255,    12.789662,     0.000000,     0.000000
   62.246116,    32.027909,   -24.907082,    -0.422591
   90.975957,    61.710463,     0.000000,     0.000000
   69.792790,    66.702666,     0.000000,     0.000000
   19.041721,    93.338369,    -4.609552,     4.554098
   85.640501,    75.614258,     0.000000,     0.000000
   74.695272,    63.357181,     0.000000,     0.000000
   30.810193,    22.877812,     0.000000,     0.000000
   62.167830,    50.547393,    -5.579825,     2.299878
   62.388987,    62.513570,     2.048215,     5.487073
   96.789788,    98.778218,     0.000000,     0.000000
   99.033691,    56.359574,     0.000000,     0.000000
   35.750608,    36.349157,    12.879632,   -13.683645
   91.789585,    27.094865,     2.936692,    -2.406278
   35.612625,    75.351131,    -1.217102,     4.834990
   93.712196,    58.215925,     0.590694,     4.180960
   45.832964,    42.131419,    -4.587940,    -2.494711
   56.426708,    60.469506,     2.696224,    -5.358566
   16.789282,    68.955938,    -1.191739,     1.059452
   38.421416,    17.868661,     0.000000,     0.000000
   18.346842,    28.033545,     0.000000,     0.000000
   35.886974,    39.058162,   -10.059735,    -9.468652
   72.780752,    50.017728,     1.482412,     0.887951
   41.301223,    58.562464,    -4.778095,     8.047138
   60.621302,    69.992960,    10.550079,    -0.192698
   32.308934,    30.589982,     0.000000,     0.000000
   27.619111,    21.317515,     0.000000,     0.000000
   20.792203,    20.036143,     0.000000,     0.000000
   41.566230,    41.865820,    -2.124586,     1.655268
   97.950988,    69.373880,     0.000000,     0.000000
   54.777947,    14.914990,     0.000000,     0.000000
   13.822309,    15.230385,     0.000000,     0.000000
   80.669425,    66.583894,    -5.298670,    -2.230298
   85.539166,    63.716090,     5.890714,     5.466348
   71.194251,    77.720101,     0.000000,     0.000000
   60.653108,    83.281985,     8.524809,     5.045370
   66.720246,    76.770056,     0.000000,     0.000000
   90.173187,    87.774561,     0.000000,     0.000000
   97.409456,    16.474222,    -0.793891,     0.352084
   11.849107,    32.536825,    -9.813741,    -6.307834
   86.622022,    65.153194,    -0.027925,     0.975960
   63.604439,    14.030196,     0.000000,     0.000000
   12.977249,    33.846210,    -4.347611,    -8.769811
   33.635606,    48.407982,     5.138492,    -4.368394
    3.102330,    27.309506,     0.000000,     0.000000
   25.877377,    44.147993,     2.907820,    -0.364192
   30.696167,    43.137950,     4.711004,   -10.711316
   81.155109,    50.978595,     0.000000,     0.000000
   58.806050,    96.788445,    -3.014295,     1.512009
   78.522807,    57.708197,    -7.106281,     2.753693
   29.359032,    19.773252,     0.000000,     0.000000
   16.890963,    20.910772,     0.000000,     0.000000
   33.761487,    25.625025,     0.000000,     0.000000
   12.853049,    94.830605,    -2.132705,    -7.900133
   58.248915,    83.681474,     3.028674,     5.802496
   51.444495,    26.010601,   -21.966761,    -9.929071
    3.139869,    50.198123,     0.000000,     0.000000
   12.657627,    39.257833,    -3.130336,    -5.679887
   17.761967,    56.807697,    -0.237273,    -0.581188
   61.807163,     9.441597,     0.000000,     0.000000
   41.222807,    73.963211,     0.000000,     0.000000
   90.251300,    86.424054,     0.000000,     0.000000
   54.496819,    30.724330,   -20.412257,    -7.908908
   22.471882,    81.753073,     4.413514,     8.112073
   93.758979,    64.546441,     0.000000,     0.000000
   14.411824,     9.464066,     0.000000,     0.000000
