x-position, y-position, x-velocity, y-velocity
   99.758399,    37.756936,     0.000000,     0.000000
   60.019721,    10.349783,    -5.793787,     2.431324
   96.302007,    71.577697,    -1.041991,     0.313527
   81.139296,    82.222659,     3.781779,    -0.019903
   69.886570,    89.120702,     5.021089,    -3.266893
   18.374638,    93.502474,    -7.727299,     2.436616
   13.644674,    79.376909,     3.125182,   -10.419190
    4.325516,    47.862279,    -2.776006,     6.089709
   38.833554,    65.109962,     5.246672,     1.869366
   36.767104,     7.944493,    -7.604347,    -7.376683
    4.155612,    78.077942,    -3.981722,    -0.727344
   10.452574,    16.918727,    -5.341665,   -11.684605
   90.157156,    84.255089,    -0.015441,     0.723261
   28.509579,    52.683412,    -2.930147,    13.413615
   64.085122,    91.425110,    -1.877854,     1.200075
   64.163252,    51.890715,    -2.197807,    -4.679096
    3.595515,    30.139173,     7.496719,    -1.583729
   36.083748,    41.677256,    -4.490201,     2.823543
   67.909078,    77.826459,    -5.212135,     4.390429
   42.473527,    44.180808,    -1.270780,    -2.001315
   70.651071,    59.407415,    -1.124170,     2.516219
   55.962573,    83.916689,     0.979763,     3.869046
   71.924264,    36.596004,     2.868627,    -4.798863
   95.782048,    14.028377,     0.864427,    -2.075889
   92.657054,    30.359309,     9.340099,    -6.229001
   73.645051,    60.338906,    -3.749904,    -4.552181
   47.551889,    13.364807,    -0.416880,     0.073240
   37.302271,    93.159419,     8.234450,    -0.489612
    9.663167,    20.218823,    -2.637859,    -7.045152
   83.181469,    71.351024,     4.579554,    -2.775938
   73.685737,    20.110591,     0.689436,    -6.639239
   82.538675,    88.624464,     4.669555,     0.099965
   96.689460,    71.117315,    -3.655229,     3.079379
   75.441373,    90.504427,     1.307734,     4.309270
    6.032785,    75.185162,     2.277990,   -10.474096
   66.498286,    75.058774,     4.287954,     0.854423
   96.036164,    24.270908,    -3.201005,     0.996612
   92.095606,    13.568784,    -2.759831,    -2.838949
   16.765363,    63.888390,     7.920271,     1.223941
   58.736730,    74.093486,    -2.177820,     2.400174
   56.997447,    68.489516,    -4.404659,    -2.837272
   58.952778,     4.326410,     2.365567,     4.710296
   97.798250,    79.998144,     0.000000,     0.000000
   69.612474,    24.123393,    -1.893210,     5.068675
   68.404668,     4.308913,     4.120422,    -2.395718
   77.902640,    81.379900,    -2.709046,     2.404130
   37.980722,     5.449035,     6.296926,    18.237549
   88.814990,    75.548052,     1.452275,     6.559854
   24.459033,    35.274070,     1.508226,    -3.357130
   65.844517,    84.373709,     9.383521,     3.713041
   80.820982,    81.985682,     1.300740,     5.203462
   41.545061,    37.236558,     8.060193,    -8.777347
    2.141240,    71.581545,     2.893190,    -1.759525
   74.780698,    89.561924,     4.356125,    -2.509653
   67.524490,     4.033431,     5.160980,     3.522208
   74.249920,    59.031957,    -0.637246,     3.752634
   71.586216,    98.647263,    -3.233885,    -0.049130
   63.461635,    91.727270,     1.624398,     6.385808
   36.802325,    15.424557,    -0.520763,    -0.790529
   61.351337,    79.775513,    -3.477007,     4.140771
   42.865711,    69.189787,     4.882161,     2.867960
   99.794009,     3.479114,     0.000000,     0.000000
   99.049080,    91.757229,     0.000000,     0.000000
   72.940067,    71.153165,     0.507288,     4.342947
   95.422147,    75.919022,     0.000000,     0.000000
   19.137076,    86.372566,     3.838959,    -4.118346
   67.853281,    14.083915,    -1.425491,     7.815219
   74.954530,    51.509066,    -5.011392,    -3.087521
   88.777308,    62.348738,   -11.200382,     7.097142
   68.151838,    57.070276,    -0.278472,     2.759139
   88.269573,    73.565502,    -3.138606,    -3.733644
   42.945745,    65.034616,    -4.351986,     1.307534
    8.092994,    35.283285,    -6.134341,     0.633220
   43.105960,    70.429270,    -5.194946,    18.956427
   40.878417,    67.915620,     1.711871,    -0.868291
    1.903956,    13.268393,     7.512229,     2.140891
   39.027932,     2.231087,    -4.580650,     8.738980
   62.402689,    86.161701,     0.884493,    -3.561023
   91.200503,    80.457990,    -0.096310,     1.745501
   12.925649,    24.817510,    -9.340954,    -4.631183
   67.824130,    59.699735,    -1.147850,     6.967103
   72.814780,    55.259070,    -2.392787,     0.603047
   36.439340,    55.542925,    -1.684299,     9.597248
   19.279529,    71.529001,     4.775695,     2.347848
    7.463804,    18.974265,    10.274901,    -2.137556
   17.820152,    11.386469,    -3.408451,    -0.055603
   55.103634,     2.670299,    -6.138621,   -11.416522
   40.437849,    88.667806,     3.837191,    -7.969262
    2.215557,    65.177433,    -0.148953,    -4.145448
   84.597878,    79.932494,     2.514577,     6.833624
   24.517030,    15.019113,    -4.356307,   -11.173319
   82.339764,    46.101971,    -1.520946,    -4.448343
   79.738805,    15.220656,    -3.487446,    -0.574570
   18.266246,    39.068721,     2.489572,    -7.472582
   37.835757,    91.839820,     1.341086,    -2.737071
   64.297997,    93.708657,    -1.044544,    -2.511414
    5.043433,     8.561751,    -5.525824,    -5.720809
   28.001225,    93.949284,     0.353471,    -0.262695
   44.057047,    93.121361,    -1.584839,    -1.012604
   27.128246,    90.375395,    -2.021729,    12.484747
   10.527305,    61.899710,     1.845953,     3.961786
   22.710918,    11.766110,    -6.522834,    -0.816972
   10.949745,    11.547253,    -1.935762,     4.125243
   13.798005,    79.831281,   -19.089408,     2.283413
   53.288686,    15.097553,    -2.040946,     2.597823
    7.873027,    46.088612,     4.696658,     0.273541
   33.856671,    59.492626,    -4.878077,     6.472274
   24.150732,    13.202142,    -6.804177,     7.245836
   87.072306,    57.898394,    -7.743665,     5.228419
   75.805895,    72.291537,    -1.924011,     5.826592
    5.423652,    73.938414,     2.450403,    -1.978735
    1.757474,    58.342580,     4.287188,     1.997570
    8.645482,    21.091311,     5.908913,     8.008570
   82.046364,    53.267888,     0.562842,     2.299699
   73.943886,    77.883392,     4.628758,     6.092251
   56.522882,     6.607166,    -1.257164,    -6.042522
   60.871447,    41.863086,    -9.191022,    -3.973677
    9.461670,     8.635759,    -1.838947,    -4.390527
   86.344581,    66.498050,     3.293125,     1.674151
   87.152614,    78.705211,    -0.930580,     0.937638
   58.326886,    15.124177,     0.051161,    -0.744996
   64.156676,    16.139512,     3.432299,     7.830437
   48.868733,    93.697204,     0.810660,     1.792920
   74.206939,    93.992977,    10.277689,     0.101747
   58.137058,    10.701035,    -2.152599,     4.420396
   47.418514,     3.549128,    -4.275603,     5.041035
   31.422863,    12.097616,     2.846021,    -4.705583
   40.495290,    46.974821,     4.750647,    -5.541739
   50.071849,    74.254609,     0.797264,    -3.152520
   49.264562,     4.006606,     8.993866,     2.664008
   78.644237,    84.638701,     1.713818,     0.365891
   76.069390,    40.112113,   -13.361507,    -2.949782
   20.136126,    58.553125,    -7.983188,    -8.203888
   89.729258,    13.864968,    -1.735279,    -1.948028
   55.277409,     4.924146,     6.175430,    -1.052495
   48.567992,     6.158922,    -2.528625,     5.020134
   91.414148,    72.482878,     1.656407,     3.821437
   75.049421,    63.615604,    10.436519,     0.454404
    9.295212,    93.462020,    -1.362813,    -0.597839
   85.951543,    81.606579,     3.849602,     4.205071
   74.483122,    58.996890,    -1.857956,    -3.930960
   28.964810,     6.393754,   -14.647529,    -3.593580
   70.865181,    71.866971,     3.866217,    -5.046083
   61.752509,    55.441954,    -1.634485,    -3.412099
   96.789788,    98.778218,     0.000000,     0.000000
   90.499494,    52.985772,    -2.025928,     2.189031
   69.560149,    21.523739,     9.100032,    -1.890531
   89.887693,    25.573991,    -1.939758,     0.499709
   31.095414,    94.237203,     0.950862,     6.964182
   93.486165,    67.334155,    -0.379646,    -0.339484
   46.691535,    35.299231,     1.697258,    -2.096776
   51.708796,    60.900791,     2.159079,    -1.828333
   23.008444,    75.512160,     1.827470,     1.853662
   44.781577,    12.928262,     0.820854,     1.037612
   12.548416,    42.878999,    -0.071394,     0.635559
   11.237375,    19.246282,    -9.298255,     5.218911
   87.304155,    69.272403,     0.029978,     8.950636
   29.734723,    87.816419,     3.694430,     8.399407
   76.089124,    80.663425,     0.653464,     0.719646
   17.150074,    29.587897,   -10.691193,   -10.029087
   21.388443,    11.913095,    14.364801,    -3.434213
   13.477203,     3.211153,   -10.831752,     0.940494
   51.513559,    49.993584,     4.027486,     4.201294
   97.186284,    70.394409,     1.105937,     2.024599
   55.654201,    15.277856,    -5.065850,     0.896782
    7.007993,    14.210043,     2.991428,    -5.293471
   79.389713,    76.027430,    -1.741298,     5.137435
   91.334955,    68.913089,     8.640204,    -5.037101
   68.667315,    79.379627,    -3.056511,     0.512307
   84.110989,    96.725356,     7.367948,    -1.732553
   64.992082,    75.278855,    -6.019983,     2.680809
   90.587096,    87.772144,     4.072135,    -0.597141
   70.916946,     8.879885,    -7.152663,     7.436308
    4.924770,    33.303498,    -5.005103,   -12.246515
   87.609832,    68.710167,     2.660440,     3.370004
   62.704558,    11.280440,     2.909205,    -9.662123
    7.431535,    19.885979,     2.634518,     3.722256
   31.075943,    43.777534,     5.273305,     3.934534
    2.980932,    22.610432,     1.644850,    -2.515646
   32.877582,    50.596588,     1.533366,     3.062261
   14.257386,    24.182930,    -3.130651,    -0.327219
   77.235171,    54.240146,    -3.294229,     0.202677
   50.406226,    84.904956,     2.614098,   -11.463187
   61.796181,    71.000156,    -6.362046,    11.340502
   25.709593,     8.419556,     3.318671,    -3.323697
   23.214335,     9.040960,    -7.608047,    -0.525231
   49.295630,    23.660468,     5.896340,    -0.766934
    7.706844,    79.758317,     0.188325,    -5.167519
   70.068313,    91.798236,     1.710344,     1.015865
   24.477317,    28.984947,    -2.720784,     2.951872
    3.348519,    50.416383,     5.696032,     3.984895
    6.242818,    47.318814,    -5.812164,     3.943927
   16.639094,    59.350096,    -2.162769,     2.617490
   67.110300,     6.151566,    -4.708254,    -6.740235
   41.222807,    73.963211,     0.000000,     0.000000
   90.246776,    86.424251,    -0.282877,     0.954055
   34.026052,    30.578245,    -0.519899,     1.383573
   34.081980,    90.694528,     4.225863,    -7.449712
   93.108034,    62.359064,     0.817185,     0.549865
   12.690775,     5.045801,     4.013045,     2.263307
