x-position, y-position, x-velocity, y-velocity
   99.758399,    37.756936,     0.000000,     0.000000
   55.505036,    15.876864,     2.962328,     1.814020
   96.625622,    71.781460,     0.000000,     0.000000
   79.036349,    75.189785,     0.159392,     8.595903
   61.155689,    89.128866,     4.415929,     1.369043
   33.056505,    88.872903,    -7.727299,     2.436616
    9.370644,    95.029735,    -1.936075,   -11.482368
    4.702753,    37.664356,     4.814921,     5.467854
   32.534387,    58.883698,     3.315351,     3.276981
   33.594386,    17.596113,    -1.541437,    -7.231800
    5.737466,    84.301200,    -5.205281,    -3.123319
   20.879785,    21.487757,     1.917934,    -6.872685
   90.151927,    84.134620,     0.000000,     0.000000
   30.041849,    40.013744,    -1.084889,     0.439433
   51.733889,    83.386699,     9.021597,     3.794481
   66.506848,    56.693291,     0.293955,     2.789441
    2.484813,    28.109511,    -1.086662,    -2.759366
   41.646267,    34.012775,    -2.523981,     4.402527
   66.981574,    69.163990,    -7.284543,     2.907989
   40.439905,    44.833928,     1.070327,    -0.343748
   72.952488,    61.348301,    -2.933189,    -3.661924
   54.101022,    76.565502,     0.979763,     3.869046
   66.473873,    45.713843,     2.868627,    -4.798863
   95.133130,    19.308656,    -0.164669,    -4.114803
   74.910866,    42.194411,     9.340099,    -6.229001
   69.206892,    57.324574,    -0.210584,    -1.329646
   46.821393,    12.367252,     1.694397,     0.561374
   33.205769,    97.939004,    -5.078985,     1.775581
    9.132564,    29.917355,     0.643299,    -6.437154
   74.268616,    75.180330,     0.952178,     2.473929
   70.373982,    26.224215,     1.878781,    -1.504768
   74.690722,    89.800765,     1.756803,    -3.785505
   98.237123,    62.762521,    -2.432676,    -0.180138
   67.970007,    88.590253,     1.234319,    -5.556163
   10.458136,    86.523573,    -1.659101,    -2.346391
   66.831967,    63.346404,    -0.542856,     6.671227
   94.435662,    22.377345,     3.201005,     0.996612
   96.728200,    17.035245,    -2.352894,    -1.494578
    4.469468,    80.055022,     8.245722,   -10.384660
   61.515863,    71.435366,     0.673202,     5.415535
   65.178663,    71.240808,    -0.832519,     1.304402
   62.688284,     4.163982,    -2.154104,     4.039521
   97.798250,    79.998144,     0.000000,     0.000000
   77.056842,    28.448590,    -4.570763,    -4.101045
   66.363993,     6.501613,     0.312569,    -8.311372
   73.988069,    76.439497,     4.994278,     2.878394
   40.843071,     3.949921,     0.000000,     0.000000
   92.900245,    70.382911,    -0.005870,    -0.442052
   17.026904,    47.918099,     4.271169,   -11.900918
   66.931914,    77.052811,    -2.315969,     5.904357
   76.043661,    73.756243,     1.641561,    -3.867009
   31.050302,    55.589010,    -7.776641,    -7.668329
    5.113264,    73.484064,    -2.898071,    -0.439084
   65.012308,    94.757812,     2.812742,    -1.741541
   73.379885,     9.531985,    -2.776226,    -5.398865
   85.881509,    54.735246,    -8.960060,    -1.192470
   73.381737,    99.085290,     0.000000,     0.000000
   59.679630,    94.810491,     1.927593,    -2.638925
   37.791774,    16.926562,    -0.520763,    -0.790529
   66.805202,    74.167121,     0.856484,    -1.570420
   45.750331,    53.827722,    -2.501063,     8.859714
   99.794009,     3.479114,     0.000000,     0.000000
   99.049080,    91.757229,     0.000000,     0.000000
   72.834786,    71.019508,     7.483134,     3.790385
   95.422147,    75.919022,     0.000000,     0.000000
   11.843053,    94.197424,     3.838959,    -4.118346
   82.671856,    11.002178,   -12.064281,     0.709812
   80.415837,    51.248147,     0.283325,     2.484566
   96.687887,    48.624662,     5.232013,     6.547281
   66.605151,    47.359697,     1.710662,    11.631200
   83.304319,    74.177767,     1.310240,     3.033454
   52.559705,    53.070097,   -11.392247,    -2.448420
   12.498696,    58.683742,     0.469708,   -12.793194
   51.874423,    68.807355,    -0.906083,    -5.011892
   16.766296,    65.191726,    14.402940,     2.124979
   14.615660,     9.690718,     0.000000,     0.000000
   55.049321,     2.320358,    -3.750700,    -3.224290
   57.014056,    81.857565,     2.053392,     1.871345
   85.462729,    74.288053,     2.615012,     4.180063
   25.364741,    36.051874,    -6.548109,    -6.244232
   68.065860,    58.722978,    -4.433425,     1.859912
   74.455980,    52.881042,     0.158788,     0.892683
   36.322177,    41.922055,    -2.055457,     5.866746
   15.962000,    69.610604,    -0.867826,     0.809803
    4.936939,    22.245200,    -2.221011,    -3.994630
   14.070351,    16.449290,     3.636727,    -4.925526
   55.377308,     8.304660,     0.000000,     0.000000
   38.918533,    97.632251,    -2.115830,     2.409900
    2.579661,    72.561001,     0.549573,    -3.627331
   80.130114,    75.711961,     3.691890,    -1.332064
   41.652330,    32.458098,   -12.872946,   -12.888742
   90.667646,    47.348583,   -11.219882,     3.238705
   86.364952,    16.312338,    -3.487446,    -0.574570
   15.477334,    53.638377,     0.582880,    -6.748745
   32.975133,    95.088603,     5.228991,     0.376285
   67.243035,    96.483044,    -2.118617,     2.480667
    7.244494,    18.185489,     2.152106,    -8.579764
   13.648879,    97.353111,    12.682438,     4.621358
   38.565024,    95.023756,     8.176476,     7.178732
   24.274052,    93.582362,     0.602305,    -9.960767
    8.132501,    55.865986,     0.264100,     0.122406
   21.502822,    19.675200,    -2.729810,   -13.655489
   19.045217,     8.183365,   -17.158032,    -9.126040
   39.740817,    57.942411,    -9.619135,    19.280728
   55.694513,    14.483590,     3.039060,    -0.768361
    3.406928,    44.024768,     0.000000,     0.000000
   40.070579,    49.355698,    -0.974418,     4.962437
   36.692493,    30.796913,    -4.333591,    -3.227539
   98.577380,    48.920935,   -13.224829,     0.245671
   74.167065,    67.838807,     8.326504,    -0.385943
    2.690808,    79.139710,     1.261437,    -3.326968
    8.790625,    53.053527,    -2.705335,     5.836950
    5.742846,    28.475856,     2.487912,    -3.405207
   89.169790,    48.528970,    -7.318702,     3.597034
   71.510529,    72.640470,    -0.842871,    -0.306021
   58.723837,    14.330188,    -0.899359,    -2.083998
   78.334390,    49.413072,    -9.191022,    -3.973677
   11.988721,    15.626112,    -2.682704,    -1.168799
   81.779236,    56.083660,     3.906809,     2.837417
   85.022109,    74.897087,     1.408779,     0.347266
   66.125384,    22.609640,    -7.754487,    -4.444494
   64.767085,    12.555336,    -6.261344,    -0.943856
   48.317182,    94.187558,    -2.470677,    -1.938138
   68.466730,    96.621774,     3.584804,    -4.389598
   60.698542,     4.768154,    -2.174313,     0.233749
   54.360894,    15.785692,    -3.732201,   -12.385437
   29.596295,    19.950609,    -2.907854,    -2.415162
   47.605090,    53.361433,    -2.257701,     6.253481
   48.557047,    80.244397,     0.797264,    -3.152520
   46.799918,     5.423553,     0.000000,     0.000000
   76.209479,    86.528195,     2.966459,     1.376695
   93.617195,    39.776716,     6.236139,    11.900176
   28.979552,    52.490822,     7.890823,     0.427885
   92.643880,    18.157673,    -1.113120,    -1.253485
   46.580664,    11.219583,     2.148868,    -7.913283
   48.582528,    28.118955,    11.890723,   -21.051557
   91.942900,    66.833546,     0.626943,     3.372611
   70.392796,    64.848926,    -3.451225,     5.977431
   11.884557,    94.597915,    -1.362813,    -0.597839
   85.600561,    76.545667,    -2.125246,     3.730000
   73.737953,    63.941581,    -3.127552,    -3.608067
   28.476096,    19.745628,    -8.660878,   -11.033662
   63.838952,    62.082327,     8.528607,     3.168526
   63.397580,    60.976562,     0.562054,    -2.055353
   96.789788,    98.778218,     0.000000,     0.000000
   97.260654,    49.970295,    -2.575590,    -4.350258
   49.586308,    24.549774,    -0.266224,    -4.556926
   93.573233,    24.624545,    -1.939758,     0.499709
   33.421841,    84.054113,    -1.217102,     4.834990
   96.672606,    65.141158,    -5.693374,     1.751879
   43.466744,    39.283105,     1.697258,    -2.096776
   53.729802,    58.479092,    -5.151932,     5.210781
   19.536251,    71.990203,     1.827470,     1.853662
   42.984588,    11.969607,     0.970656,     0.398429
   23.402968,    33.874489,    -5.117300,    13.404000
   30.559151,    26.861510,    -9.405306,    -6.079355
   77.754332,    55.774979,    -0.102435,    11.028590
   32.700652,    73.047313,    -4.778095,     8.047138
   72.550366,    74.138169,     1.939847,     2.983531
   32.199505,    28.979293,    -6.828132,    11.568429
   28.518507,    20.472661,    -4.088192,    -5.485987
   22.880610,    16.130971,     6.592371,   -11.702868
   43.861336,    42.011125,     4.027486,     4.201294
   97.950988,    69.373880,     0.000000,     0.000000
   56.258722,    14.458458,     8.604477,    -6.322772
   12.801538,    15.352357,    -4.227152,    -1.317967
   82.934247,    68.570434,    -3.243124,     2.303374
   91.427717,    67.453125,    -0.692864,     3.595642
   71.022012,    77.877177,     1.021648,     1.959570
   73.492786,    93.641161,     3.801546,     7.454180
   67.038531,    75.344576,     0.093349,    -2.288925
   90.173187,    87.774561,     0.000000,     0.000000
   84.507005,     8.136254,    -7.152663,    -7.436308
    4.494585,    32.519992,     0.138204,     1.274789
   84.497588,    70.611938,     1.666816,    -2.086987
   62.995914,    13.335511,    -0.575888,     1.006292
    5.108160,    22.401977,    -5.457833,    -2.266388
   34.009085,    42.426203,    -8.567149,    -6.190032
    3.955918,    26.986134,     0.119239,     1.524609
   28.004261,    43.235043,     6.737570,     5.001743
   24.446246,    23.980382,    -4.645431,    -0.430246
   81.327922,    53.324370,     4.142645,     1.818542
   52.953954,    95.630929,    -3.865880,    -1.566000
   67.775847,    60.204470,     6.563270,    -2.179667
   28.098849,    18.568009,     1.338553,    -2.630715
   19.802180,    18.325390,    -3.956891,     2.388954
   38.092584,    25.117643,     5.896340,    -0.766934
    8.381308,    89.769618,     2.053113,    -5.791202
   64.553935,    93.620156,     6.427420,     1.409039
   30.886961,    23.051740,    -5.934481,     5.330511
    3.139869,    50.198123,     0.000000,     0.000000
    5.914808,    39.753240,    -5.191273,     2.786327
   17.239855,    55.283550,     0.523505,     4.216074
   61.807163,     9.441597,     0.000000,     0.000000
   41.222807,    73.963211,     0.000000,     0.000000
   90.251300,    86.424054,     0.000000,     0.000000
   34.844313,    30.182271,     1.502616,    -5.999169
   30.434603,    94.498102,     4.263508,     3.267203
   95.226187,    64.271891,     4.582874,     3.369446
   14.411824,     9.464066,     0.000000,     0.000000
