x-position, y-position, x-velocity, y-velocity
   99.758399,    37.756936,     0.000000,     0.000000
   75.066541,    13.909423,     2.018707,    -5.728222
   86.443892,    73.212348,    -2.722694,     0.606915
   80.632475,    80.005702,    -1.457575,    -7.139564
   70.335403,    96.026760,     1.315165,     1.928621
   43.718086,    90.433681,    -2.381433,     6.058354
   41.845498,    24.091165,     7.837856,    -2.723784
   28.587344,    39.511389,     5.468175,    -4.427990
   34.645764,    77.521269,     8.011503,    -4.422436
   74.093953,     4.239978,     6.695990,     1.482600
   17.824586,    88.000972,    -1.869693,     3.228635
   20.973367,    25.046389,     2.098508,     1.487514
   78.014005,    92.668705,    -3.845909,    -2.147493
   55.385969,    92.714953,     0.380270,    -4.625625
   69.705429,    82.601728,     2.773607,    -6.365586
   58.177780,    30.076634,     5.111467,     3.860772
   15.161330,    53.251550,     3.208988,     7.859822
   36.760238,    73.331519,    -3.032814,     2.248114
   67.775537,    94.238429,    -6.321505,     3.243618
   48.285913,    57.990637,     6.409201,     2.901899
   97.012758,    64.417105,   -10.084785,     2.126617
   63.806562,    82.484908,     3.642217,    -2.381244
   87.250697,    23.505385,     1.263724,     2.591230
   95.503064,    26.244143,    -1.405915,    11.744587
   55.098280,     7.054283,   -17.711886,     4.968498
   62.487000,    75.574295,     3.358150,     0.307657
   35.152566,     8.937457,    10.397206,     3.082059
   53.244989,    90.541294,     7.606035,     1.729339
   24.373470,     7.392922,     5.579011,     2.601050
   92.472246,    80.226056,     0.233716,     2.826305
   91.103395,     2.341084,    -1.723865,     2.518557
   83.397929,    85.042120,     2.279685,    -6.138874
   94.704261,    72.529483,    -6.630633,    -2.859838
   76.563043,    83.480087,    -3.553564,    -6.014186
   35.969816,    66.164699,    -2.852331,    -3.410047
   79.160001,    85.093527,    -1.956960,     3.060190
   77.182165,    43.229374,     0.443600,     3.671876
   97.477558,     9.758303,    -4.777839,     6.076924
   35.350301,    60.383936,    -3.720224,    -0.719544
   58.590627,    89.530120,    -8.989174,    -6.754076
   44.965998,    36.572971,    -0.264906,    -5.619407
   95.780003,    16.898506,     4.752610,     2.751545
   98.027420,    86.700986,     2.486501,     1.696540
   51.702304,    46.810655,    -2.381375,    -2.111045
   78.621912,     2.502630,    -0.602467,     1.243616
   86.732239,    80.719742,     2.560355,    -0.377667
   57.812966,    39.746040,    -4.035240,     1.633259
   97.277248,    87.291633,    -1.323557,    -1.331698
   50.339896,    12.623015,     9.327995,    -1.699576
   84.760345,    81.156721,    -5.959112,    -8.338453
   75.275133,    89.769824,     1.625590,    -3.131733
   34.451064,    49.625633,    -0.265899,   -10.455160
   23.816559,    72.803371,     0.985070,    -0.134556
   94.542765,    85.195789,     3.021848,     2.349112
   48.153524,    22.069537,    -4.724665,    -6.029948
   63.665505,    58.819033,    -1.094273,     0.846695
   56.839799,    90.517709,    -3.689459,    -4.277474
   76.905308,    94.909347,    -2.551549,     0.544937
   33.655139,    11.230577,    -2.890627,    -2.594008
   62.288055,    76.872039,     5.677579,    -0.670272
   67.169858,    80.637419,     4.175510,    -1.779057
   91.266295,     3.010206,    -0.356608,     1.796902
   91.456202,    94.318257,    -6.300821,    -0.483825
   72.588125,    78.633246,    -3.222166,     1.623953
   95.377633,    91.556541,     2.063166,     2.292664
   45.374525,    78.941839,    -3.531493,     1.760086
   70.226362,    50.686769,     0.255778,    -0.789320
   59.491385,    19.250382,     1.523723,     8.909218
   88.140696,    47.290887,     0.669442,    -2.569969
   77.373263,    50.736779,     8.493876,    11.438134
   59.632927,    71.505436,    -0.490800,    -2.684459
   40.686873,    66.403161,    12.733718,     6.541706
    3.416919,    49.662346,    -1.861842,     0.230815
    8.080221,    24.468057,     5.897929,   -10.591778
   47.554001,    69.139914,    -3.129202,    -1.337327
   25.859491,     5.400025,     5.407535,    11.426340
    6.995750,    25.445086,    -8.910769,     1.873205
   51.655317,    56.768108,    11.423801,     0.296179
   95.083119,    91.259326,    -2.140515,    -3.636430
   19.615948,    23.747467,    -2.511900,     1.979387
   71.632351,    95.712101,     3.646163,     3.614520
   72.669935,    71.150436,    -2.809540,     5.053611
   10.884858,    81.187384,    -3.952929,    -9.052069
   27.958833,    63.808169,     2.626169,    -5.586859
   28.561436,    21.959471,     0.064911,     6.229791
    9.087261,    39.306664,    -4.556294,     8.687113
   46.362385,    25.067074,    -2.046243,     1.543107
   48.181018,    87.555140,     1.630580,    -4.867591
   37.378516,    78.347753,     3.685450,     2.135422
   95.418960,    84.576284,    -1.082308,     1.379088
   41.210299,     2.673458,     3.067515,    -0.199265
   67.981616,    30.883281,     3.399802,    -6.036353
   62.027889,    15.626190,    -1.900691,    -2.470885
   26.676229,    34.230101,     5.201775,    -0.104669
   38.577947,    35.049299,    -2.827618,   -10.154220
   68.857050,    91.958655,    -3.733096,    -5.696285
    8.713096,    19.773600,     7.941757,   -10.136743
   48.044266,    86.561690,    -6.217392,     2.215446
   48.898126,    88.000700,     5.287824,    -1.129429
    4.385949,    80.560809,     7.564549,     1.148368
   37.179877,    87.666547,     0.394874,     6.529823
   23.795978,    48.707866,   -11.035403,    -0.302605
   23.959053,    41.776446,     3.459461,     4.430364
   27.704580,    82.252418,     8.038055,     3.407591
   26.774447,    15.975554,    -8.406620,    -4.235189
    3.967403,    46.321494,    -7.427531,     1.629960
   22.729525,    85.735015,    -4.887461,    -1.670673
   22.918031,    48.594683,     2.720741,    -2.955702
   48.663683,    62.356393,    -6.626504,    -7.402497
   77.612479,    78.375616,    -4.527123,   -11.437143
   21.199234,    68.729893,    -6.218890,    10.331732
   30.668776,    60.206636,     1.068335,     4.481130
   11.460310,    44.542444,     6.149733,     8.031794
   73.094661,    74.391076,    -0.423484,     4.033001
   77.417081,    78.905811,     6.531589,    -5.762092
   47.696557,    81.156727,    13.845779,    16.280533
   41.959003,    32.394327,     1.817526,    -1.985350
   11.547256,    39.902814,    -6.507109,     1.126934
   88.654029,    69.320909,     2.884945,    -2.571939
   92.676503,    81.183582,    -1.447136,    -4.631331
   82.667759,    53.026478,     7.368971,     6.409794
   69.393797,    53.405739,    -0.272633,     4.025385
   59.804731,    84.984802,    -1.597328,    -6.717165
   97.422641,    97.928167,     1.113566,    -3.749614
   67.628345,    27.560432,    -2.925951,     3.723008
   44.948253,     8.414057,     0.963679,    -6.261525
   36.553904,     3.381822,    -3.168005,    -5.298375
   49.761963,    46.028470,    -4.015203,     4.678568
   39.454076,    50.641160,    -6.340880,    -1.281650
   61.434996,    19.199861,    -0.082437,    -4.493246
   81.463096,    92.822922,     0.591814,     0.051698
   82.202452,    18.034102,    -2.721395,    -2.089855
   20.244864,    28.518118,     8.220599,    -0.010824
   89.966727,     3.983953,     0.413789,    -1.418460
   57.855909,    17.348176,    -2.895966,    -3.370850
   38.384532,     6.735438,     8.012751,     0.162323
   96.781023,    84.365763,    -2.179500,     2.097299
   71.553719,    61.728342,    -4.504896,     2.601746
    2.602777,    94.576731,    -0.327268,     0.962710
   86.598108,    89.320149,     3.114466,    -2.847832
   62.709620,    67.857761,    -2.279039,     1.120687
   30.937268,    20.032197,    -0.359325,     5.609355
   71.666041,    90.337669,     0.380704,    -3.641363
   56.178450,    64.598927,     2.277055,    12.364757
   84.057484,    93.519867,    -6.767833,    -3.454728
   92.468977,    71.430646,    -9.106756,    -0.484565
   84.741334,    13.456514,    -6.111403,     4.142781
   76.422719,    41.123928,    -3.876760,    -0.829875
   37.228331,    94.477072,     2.554878,    -6.678098
   81.418602,    64.584898,    -6.218678,    -5.692042
   34.305183,    55.233682,     4.006941,     4.866287
   46.970419,    76.069428,     1.210539,    -5.461925
    1.855102,    79.880351,     5.739422,    -5.567664
   51.878630,    42.260163,     5.460761,     7.378915
   26.762209,    35.750651,    -1.383066,    -2.614694
   27.998490,    15.988574,     5.416994,    -2.234766
   81.830013,    67.462439,    -4.516316,    -4.253232
   25.664140,    95.066599,    -6.556517,    -6.444638
   61.251699,    87.999844,    -5.341227,    -0.486761
    4.697782,    11.969639,     1.574775,    -7.295965
   11.078409,    48.781485,     0.596685,     5.803816
   34.229721,     4.257471,    -0.798558,     0.361136
   58.397822,    42.876682,     9.468029,    -0.051677
   96.434109,    76.884938,     3.540975,     4.927877
   74.181462,    35.763804,    10.696314,     2.383875
   40.461940,    20.988130,    -1.937346,     3.711340
   89.656620,    81.604485,     4.645961,    -2.125408
   88.517734,    43.517604,    -1.474091,    -3.742310
   45.576482,    82.488344,     0.786545,     5.179466
   94.511990,    98.064532,     4.222540,     1.090004
   59.884407,    55.516297,    -0.711947,    -5.307775
   90.767924,    91.231142,     0.432295,    -3.156562
   79.267552,    47.461369,     4.120596,     4.633025
   10.587903,    15.072399,     1.140234,     3.518167
   82.454872,    19.504390,     3.226908,    -8.831954
   75.324293,    25.019819,     2.276427,     4.474204
   24.739100,    21.296267,     8.448537,    -0.219584
   29.479814,    23.524568,     6.868971,    -1.954316
   16.862070,    41.968629,    -0.401725,     3.101834
   53.533211,    67.842183,    10.961822,    -1.624552
   16.781453,    80.101460,     2.912989,     4.931927
   86.286601,    39.758823,     3.559938,    -5.271569
   29.705883,    73.227021,     6.080698,     6.583833
   54.648344,    56.434751,     0.869447,   -10.688929
   27.613250,    25.111272,    -3.260864,     8.410201
   16.461790,    29.115623,    -5.546741,     6.353679
   54.800951,    12.856116,     2.014232,    -7.796745
   26.304763,    75.626450,    -4.801408,    -8.464767
   74.924594,    96.000092,    -0.828106,     9.641147
   50.374838,    35.387015,     4.349231,     4.585944
   11.339449,    71.311005,    -3.423976,    12.103588
   11.498226,    32.546536,     7.880832,     0.326594
   24.234850,    54.553889,    -1.906561,    -1.619960
   75.734180,     9.164001,    -0.629924,     5.770763
   57.000688,    69.483647,     2.084432,     4.888129
   76.119857,    96.918174,    -2.221547,    -3.985937
    8.066923,    35.421629,    -3.339957,     6.419900
   45.869647,    62.858648,     5.508264,    -2.780722
   90.580565,    67.143279,    -1.564555,    -0.823188
   51.800736,    39.320720,     4.038189,    10.780641
