x-position, y-position, x-velocity, y-velocity
   99.758399,    37.756936,     0.000000,     0.000000
   71.901184,    23.071863,     1.847597,    -5.721025
   91.510492,    76.431739,    -4.697619,    -8.652022
   81.392907,    87.778227,    -0.885991,    -8.278739
   73.316330,    97.382004,    -2.372827,     3.400116
   42.310380,    90.829589,     2.362202,    -3.113713
   34.552430,    31.349654,     5.042692,    -4.970932
   23.147238,    46.660416,     1.331958,    -4.508294
   37.047325,    75.982211,    -6.822635,     0.559402
   63.317748,     2.675082,     6.785448,    -2.305556
   19.691026,    83.588061,     9.380997,    -4.300419
   12.011087,    19.743275,     6.849700,     4.632711
   83.328345,    95.000229,    -2.664067,     3.164466
   56.805807,    91.545642,    -1.264402,     7.673250
   68.147004,    90.165722,    -8.273117,     3.922844
   52.514873,    27.091503,    -2.197807,    -4.679096
   10.026949,    40.675834,     3.208988,     7.859822
   39.121768,    68.654381,     0.746865,     4.530288
   65.919021,    97.444177,     4.645007,    -7.392588
   38.631429,    49.558822,    10.756505,    16.489907
   82.894059,    61.014518,    10.084785,     2.126617
   60.120519,    85.977159,     9.137557,    -8.667835
   85.228739,    19.359418,     1.263724,     2.591230
   97.752528,     7.452804,    -1.405915,    11.744587
   83.802501,     2.107102,   -18.793829,     2.258884
   55.864705,    76.174678,     5.644443,    -0.786387
   29.324553,    12.455659,     2.882501,    -4.283003
   47.436614,    94.647041,     1.481458,    -2.772767
   12.971760,     2.551930,     6.954607,     2.849167
   91.708266,    79.485182,     2.402408,     0.259165
   91.015030,     2.019199,     5.448910,     2.603700
   85.484741,    89.614689,    -4.771152,    -2.086726
   94.456940,    76.582137,     2.877787,    -2.546865
   76.443702,    93.088392,    -1.497244,    -4.107238
   20.170460,    69.380252,    12.813670,    -0.262897
   78.971433,    88.872008,     5.108050,    -5.075790
   77.597967,    36.587246,    -1.480475,     4.433992
   93.707684,     2.548664,    -3.065725,    -4.110478
   36.904254,    62.154633,     2.315973,    -1.176196
   65.057795,    89.037155,     2.607611,    -0.962897
   45.389847,    45.564022,    -0.264906,    -5.619407
   88.175827,    12.496035,     4.752610,     2.751545
   96.767204,    83.404654,    -1.770308,     0.815245
   60.300150,    44.225045,    -4.018701,     2.839589
   80.184751,     2.484021,    -2.303986,    -0.797235
   91.303486,    81.954440,    -4.381038,    -0.299341
   45.605605,    32.802432,     8.407257,     4.520188
   96.583512,    87.000337,     0.067207,    -0.756057
   38.436348,    19.002919,     4.306252,    -7.202293
   82.687897,    95.559598,    -0.329436,   -10.244638
   79.550940,    92.303602,    -3.747037,     3.864040
   37.617877,    54.182906,     1.242095,     3.408288
   20.839658,    74.253287,     1.860563,    -0.906197
   92.194630,    83.603847,     1.871662,     0.136995
   56.206763,    23.185995,    -4.938973,     4.155514
   65.416342,    57.464320,    -1.094273,     0.846695
   57.588793,    92.981112,     1.036857,    -2.000929
   74.410997,    95.645552,     5.001774,    -7.434683
   33.626316,    19.542550,    -2.663513,    -5.577820
   55.012628,    80.074420,     3.049562,    -3.857064
   61.805820,    83.568092,     6.383447,     4.801168
   94.481997,     2.731380,    -1.550259,    -1.596968
   95.466850,    95.329170,    -1.085904,     2.290129
   63.694994,    85.037436,     0.037224,    -2.046908
   95.613105,    90.114220,    -1.090538,     1.029654
   37.548784,    80.655583,    -0.827658,    -2.376227
   71.675585,    51.125189,    -1.970469,     0.198334
   58.193675,    28.790433,    -0.057146,    -6.911503
   87.762702,    52.202846,     0.819260,    -3.159227
   65.112826,    40.838643,     3.427733,    -5.255792
   59.608671,    74.325311,    -0.186588,     0.697404
   36.784873,    58.112494,    -2.802553,    -0.453376
   13.587951,    51.408599,    -6.605526,    -1.164543
    1.558527,    45.398553,     0.478225,   -19.522912
   50.535227,    69.339018,     2.325200,     5.754216
   19.682727,    14.624927,     4.031940,   -11.178223
   10.509359,    25.572836,    -0.899306,     5.706595
   56.237667,    70.889127,    -6.620553,    -8.167430
   97.940261,    93.740437,    -0.780612,    -2.990262
   17.769559,    15.279153,     9.495991,     4.855861
   71.698614,    91.478841,    -3.264870,    -1.219173
   74.057250,    62.889216,    -0.488492,     5.184633
   17.209545,    95.670694,    -3.952929,    -9.052069
   24.674419,    61.153438,     4.776287,    -6.033377
   23.408489,    14.788135,    -2.682160,     3.426406
    4.923955,    29.616611,     6.468655,     6.894412
   48.027336,    25.482391,    -0.420498,     6.679812
   50.504130,    82.867778,    -2.031654,     5.801486
   29.571858,    77.945462,     5.546932,     5.993193
   93.785119,    83.046255,    -0.424800,     1.380077
   39.059920,     3.935795,    -0.492885,    -4.809096
   71.371192,    28.287309,    -2.150490,     4.631250
   71.672505,    13.453581,    -7.735331,     1.987978
   25.929108,    31.621577,     0.207313,     1.725467
   43.102136,    51.296051,    -2.827618,   -10.154220
   67.714701,    95.054802,    -4.810891,    -3.265943
    9.072543,    15.058237,    -2.109211,     5.966451
   47.684503,    77.230361,    -0.117498,     6.305432
   45.061336,    93.104009,     4.363446,    10.995166
    6.354576,    74.204355,    -2.540483,     4.393507
   35.649635,    84.689251,     7.698527,    -3.830310
   36.471160,    46.379464,    -7.349279,     5.840287
   15.505909,    38.037693,     7.276428,     3.116302
   14.843692,    76.800272,     8.038055,     3.407591
   39.072796,    24.528217,    -7.401616,    -5.614871
    8.659368,    41.598002,    -2.683847,     3.025317
   30.549463,    88.408092,    -4.887461,    -1.670673
   19.048623,    47.371217,     2.416269,     0.790639
   48.059476,    66.192766,     1.691797,    -2.525103
   80.799909,    84.788789,     1.714732,     1.343137
   16.575017,    63.412517,     7.030601,     0.137736
   26.283196,    52.845251,     9.920771,     6.318411
    8.028626,    38.487772,    -0.258155,     1.235595
   76.880183,    68.113716,    -2.744531,     3.901979
   78.377813,    87.288522,    -0.783612,    -0.585235
   39.783610,    55.439883,     5.638717,    15.218208
   39.050962,    35.570888,     1.817526,    -1.985350
   22.806408,    27.751388,    -5.250733,     9.194276
   87.838466,    73.871147,    -0.888632,    -2.181445
   92.005192,    79.826730,     0.300159,     2.503386
   70.815570,    43.567267,     8.696131,     5.373741
   67.971542,    47.789616,     1.953614,     3.037730
   62.158056,    87.217610,    -0.766751,    -0.182734
   96.145434,    95.598768,     6.031775,     0.827490
   60.660219,    22.842161,     4.355079,     2.948920
   43.107935,    14.723380,     0.756701,    -2.128856
   35.023176,     3.103581,     3.331470,    -3.514950
   50.077080,    45.201414,     0.113788,     0.178227
   47.340499,    52.854220,     1.345106,    -4.877411
   60.732974,    15.226674,     1.481655,     2.921997
   88.638188,    94.568673,    -6.592651,    -1.583191
   80.441875,    19.968492,     0.784107,    -0.996913
   22.166664,    32.856846,    -4.218977,    -4.196676
   87.542553,     6.243332,     2.278229,    -1.304742
   55.579619,    16.235140,     2.955451,     0.575764
   38.288346,     6.980548,    -3.256228,    -0.967766
   95.417563,    82.003618,     3.276057,     3.097718
   78.761553,    57.565549,    -4.504896,     2.601746
    3.362538,    94.052902,    -2.688581,    -9.202370
   90.821555,    93.585509,    -7.218635,    -2.621243
   66.356083,    66.064662,    -2.279039,     1.120687
   26.047307,    12.504354,     5.199836,     4.699067
   76.218187,    87.322304,    -6.034654,     2.380250
   56.591464,    50.175198,    -3.061737,     5.310228
   95.123832,    95.444464,    -7.690829,     1.803312
   87.960736,    64.413873,     9.312647,     7.149522
   94.519579,     6.828064,    -6.111403,     4.142781
   81.155864,    37.218591,    -3.344368,     4.549348
   34.899967,    93.019139,    -3.729165,     2.344636
   89.927241,    71.316267,    -5.252178,    -1.831690
   31.116673,    55.036412,    -7.170781,     7.304848
   51.407770,    69.305354,    -2.674323,     3.811964
    6.334482,    92.291169,    -2.004297,     1.352278
   43.797057,    30.572868,     5.191546,     7.289964
   21.601570,    37.921270,    -2.432766,    -2.453665
   19.356179,    15.986659,     3.882562,     3.786218
   88.122638,    74.106999,    -1.134215,    -0.614348
   34.395127,    89.986510,    -0.272475,    10.778100
   67.798126,    91.906063,     5.096870,    -0.441447
    2.178142,    23.643184,     1.574775,    -7.295965
   10.123712,    39.495379,     0.596685,     5.803816
   23.842948,     3.029699,    10.316399,     1.738920
   63.234282,    46.594388,    -5.466133,    -3.388899
   97.073765,    77.430480,    -2.719194,    -3.383972
   57.370686,    36.780621,    15.258228,     7.951801
   35.591377,    12.198084,     6.086539,     7.328536
   88.253696,    86.878012,     0.158942,    -3.583241
   90.183167,    48.705291,    -1.623909,    -3.153052
   40.955927,    87.086098,     1.732113,    -4.700241
   87.000630,    97.643685,     6.550654,     0.991758
   61.023522,    64.008738,    -0.711947,    -5.307775
   91.853660,    88.736878,     1.079230,     2.525597
   74.267837,    43.034030,     2.958611,     0.760225
    8.763529,     9.443332,     1.140234,     3.518167
   83.406628,    35.044894,    -0.278594,    -9.924896
   71.617436,    17.863809,     2.447536,     4.467007
   13.434335,     9.687191,     7.004950,     7.571461
   34.577753,    30.886740,    -3.378346,    -5.626277
   19.118819,    39.832141,     4.632358,     0.752925
   42.901435,    63.552342,    -3.759234,    -7.577039
   12.120670,    72.210377,     2.912989,     4.931927
   80.590700,    48.193334,     3.559938,    -5.271569
   33.783086,    71.940159,    -7.748111,    -3.640922
   49.319386,    48.796135,    -0.139918,    11.972986
   26.347860,    16.791441,     0.638896,     5.285671
   18.851609,    24.811972,    -2.211840,     0.663772
   50.050939,    23.013978,     8.221615,    -2.642496
   22.415643,    85.225367,    -2.830359,     1.793108
   73.302284,    94.317954,     2.556755,    -4.103715
   41.145078,    30.450078,     6.865497,    -5.468791
   16.817810,    51.945264,    -3.423976,    12.103588
    3.304981,    36.177947,    -4.652758,    -2.542641
   24.860659,    58.063057,     0.778480,    -2.534006
   75.840584,     2.414754,     2.064079,    -1.080044
   50.438631,    75.869852,    -1.019361,    -7.608901
   81.912909,    97.005295,    -4.960682,    -0.633257
   15.245574,    32.535225,    -7.131047,     1.182876
   37.713479,    78.726729,     5.205629,   -11.396193
   91.023285,    66.256317,    -0.418830,     0.910811
   47.082044,    24.324151,     1.481592,     8.987778
