x-position, y-position, x-velocity, y-velocity
   99.758399,    37.756936,     0.000000,     0.000000
   59.166353,    10.747738,     6.923178,    -4.494763
   96.401685,    71.526512,     0.900730,     0.599986
   80.425337,    81.581756,     3.194617,     1.718701
   68.380243,    90.100770,     5.021089,    -3.266893
   20.692827,    92.771489,    -7.727299,     2.436616
   12.395495,    81.595627,     4.683304,    -5.883996
    3.873985,    45.948902,     2.655394,     8.343464
   37.838949,    64.126868,     3.315351,     3.276981
   32.653449,     7.047433,    13.712181,     2.990202
    5.350128,    78.296146,    -3.981722,    -0.727344
   12.184343,    19.654469,    -6.634358,    -3.988210
   90.151927,    84.134620,     0.000000,     0.000000
   29.388623,    48.659327,    -2.930147,    13.413615
   63.385191,    90.298997,     9.168332,    -0.569595
   64.822595,    53.294443,    -2.197807,    -4.679096
    3.392287,    29.754907,     0.677427,     1.280888
   37.430809,    40.830193,    -4.490201,     2.823543
   67.258170,    76.964103,     3.656414,     2.591163
   42.152429,    44.283932,     1.070327,    -0.343748
   70.747947,    59.605616,    -2.442887,     0.472076
   55.668644,    82.755975,     0.979763,     3.869046
   71.063676,    38.035662,     2.868627,    -4.798863
   95.522720,    14.651144,     0.864427,    -2.075889
   89.855024,    32.228009,     9.340099,    -6.229001
   73.509434,    59.992705,     2.325754,    -1.026248
   47.704198,    13.192930,    -0.546972,     0.789006
   34.766910,    93.985417,     8.884701,    -7.280753
   11.036873,    20.253091,    -0.992769,   -10.954161
   81.807603,    72.183806,     4.579554,    -2.775938
   73.362362,    21.854330,     1.854880,    -4.158910
   81.137809,    88.594474,     4.669555,     0.099965
   97.501203,    69.913697,    -3.226015,     3.919380
   73.352111,    88.486040,     4.979906,     6.860061
    6.084285,    78.034532,    -0.494703,    -9.369171
   66.930998,    73.926158,    -1.442374,     3.775387
   96.996466,    23.971925,    -3.201005,     0.996612
   92.906006,    14.218536,    -2.675303,    -1.866333
   14.389282,    63.521207,     7.920271,     1.223941
   59.390076,    73.373434,    -2.177820,     2.400174
   58.318845,    69.340698,    -4.404659,    -2.837272
   59.266355,     4.563074,    -0.050772,     1.264332
   97.798250,    79.998144,     0.000000,     0.000000
   69.761292,    23.849176,     2.298239,    -7.395176
   67.348754,     5.468848,     2.076577,    -5.656523
   77.996616,    81.218128,    -2.660201,     1.702206
   40.398641,     3.085742,    -4.579790,     7.881133
   88.819137,    73.740839,     1.037066,     7.011912
   24.006566,    36.281209,     1.508226,    -3.357130
   63.992275,    83.777016,    -0.244620,    -1.459159
   80.449747,    80.634766,     1.269146,     7.956846
   39.127003,    39.869762,     8.060193,    -8.777347
    2.430559,    72.109402,    -2.893190,    -1.759525
   73.176215,    90.334635,     7.332576,    -2.707808
   68.937924,     3.053347,    -2.327118,     5.694335
   75.527254,    57.316292,     1.027843,    13.714634
   72.556381,    98.662002,    -3.233885,    -0.049130
   63.025879,    91.151363,     2.057066,     2.751107
   36.958553,    15.661716,    -0.520763,    -0.790529
   62.394439,    78.533282,    -3.477007,     4.140771
   41.743654,    67.919477,    -2.110327,    -5.083099
   99.794009,     3.479114,     0.000000,     0.000000
   99.049080,    91.757229,     0.000000,     0.000000
   73.573057,    71.333973,    -2.639463,    -1.603252
   95.422147,    75.919022,     0.000000,     0.000000
   17.985388,    87.608070,     3.838959,    -4.118346
   68.280928,    11.739349,    -1.425491,     7.815219
   76.457948,    52.435322,    -5.011392,    -3.087521
   92.137423,    60.219595,   -11.200382,     7.097142
   67.831813,    56.502873,     4.303890,    -0.428861
   88.558473,    74.135602,     3.388214,     1.766285
   43.692348,    63.562152,    -4.706362,     7.844099
    9.598099,    38.370503,    -4.458355,   -15.752701
   45.099380,    66.940895,    -5.977723,     9.021176
   39.566926,    67.889964,    11.772834,     9.073839
    4.157625,    12.626125,    -7.512229,     2.140891
   42.490089,     3.102891,   -15.020462,    -8.728511
   62.054727,    86.170202,     1.710634,     7.037036
   90.511866,    79.728536,     3.677506,     2.825676
   15.083412,    26.168213,    -2.895723,    -4.244665
   68.002078,    58.876632,    -0.272122,     0.637026
   73.532616,    55.078156,    -2.392787,     0.603047
   36.944630,    52.663750,    -1.684299,     9.597248
   17.846820,    70.824646,     4.775695,     2.347848
    4.647601,    15.395954,    12.015747,    12.119111
   18.842688,    11.403149,    -3.408451,    -0.055603
   56.230708,     4.929713,     1.006505,     0.238910
   39.286692,    91.058584,     3.837191,    -7.969262
    2.260243,    66.421067,    -0.148953,    -4.145448
   83.746050,    79.288992,     1.529696,     3.053199
   27.416256,    17.104549,   -11.883136,    -6.978017
   82.796048,    47.436474,    -1.520946,    -4.448343
   80.785039,    15.393026,    -3.487446,    -0.574570
   17.519375,    41.310496,     2.489572,    -7.472582
   37.030136,    93.516780,     2.251903,    -1.062440
   64.942884,    94.430922,    -3.721396,    -2.532903
    6.701180,    10.277994,    -5.525824,    -5.720809
   29.449155,    93.648511,    -4.826432,     1.002578
   44.532499,    93.425142,    -1.584839,    -1.012604
   26.180793,    87.009553,     3.158174,    11.219474
    9.973519,    60.711174,     1.845953,     3.961786
   20.857786,    12.986371,     3.849635,    -8.485681
   11.530473,    10.309680,    -1.935762,     4.125243
   19.836451,    80.053296,   -20.647530,    -2.251781
   53.865686,    14.613433,    -1.883107,     1.277168
    6.430892,    45.964333,     5.028034,     0.695705
   35.320095,    57.550944,    -4.878077,     6.472274
   25.999692,    14.446744,    -4.844508,    -6.253832
   89.395406,    56.329868,    -7.743665,     5.228419
   76.383098,    70.543560,    -1.924011,     5.826592
    3.953634,    74.824893,     5.223097,    -3.083660
    3.043630,    57.743309,    -4.287188,     1.997570
    8.394699,    22.233175,     0.984519,    -3.354689
   81.877511,    52.577979,     0.562842,     2.299699
   72.523193,    76.080460,     4.735642,     6.009773
   56.887154,     8.273555,    -8.614122,    -8.559794
   63.628754,    43.055189,    -9.191022,    -3.973677
   10.013354,     9.952917,    -1.838947,    -4.390527
   85.356643,    65.995805,     3.293125,     1.674151
   86.812663,    77.439683,    -0.958521,     1.814452
   58.311538,    15.347676,     0.051161,    -0.744996
   63.126986,    13.790381,     3.432299,     7.830437
   48.625535,    93.159328,     0.810660,     1.792920
   73.118219,    94.668243,     3.629066,    -2.250888
   58.927169,    10.148513,    -2.633704,     1.841741
   47.690491,     2.346172,     5.831429,     1.947485
   30.569057,    13.509291,     2.846021,    -4.705583
   39.772428,    49.134613,     2.409540,    -7.199306
   49.832670,    75.200365,     0.797264,    -3.152520
   47.285835,     2.519281,     1.799537,     9.545233
   78.132516,    84.364624,     4.209389,    -0.093560
   80.077842,    40.997047,   -13.361507,    -2.949782
   21.741544,    57.549873,    -5.351393,     3.344175
   90.267391,    14.651309,    -1.819807,    -2.920644
   53.128924,     4.902053,     8.803600,    -6.744692
   49.617850,     5.031649,    -5.441328,     1.232459
   91.569908,    71.886440,    -4.870412,    -1.678493
   73.076344,    63.727731,    -1.142273,    -2.030080
    9.704056,    93.641372,    -1.362813,    -0.597839
   85.280495,    80.136667,     3.206804,     2.909611
   74.867407,    59.749027,    -2.159283,    -3.372190
   31.818065,     4.995624,    -9.510853,     4.660432
   68.920140,    71.897104,     7.012968,     0.900116
   62.242855,    56.465584,    -1.634485,    -3.412099
   96.789788,    98.778218,     0.000000,     0.000000
   91.107272,    52.329063,    -2.025928,     2.189031
   67.365829,    21.092547,     3.743139,     8.092990
   90.469620,    25.424079,    -1.939758,     0.499709
   30.810155,    92.147948,     0.950862,     6.964182
   93.465567,    67.236732,    -0.165758,     0.032074
   46.182358,    35.928264,     1.697258,    -2.096776
   51.061072,    61.449291,     2.159079,    -1.828333
   22.460203,    74.956062,     1.827470,     1.853662
   44.508075,    12.766884,     0.950947,     0.321846
   12.569834,    42.688331,    -0.071394,     0.635559
   12.430773,    19.722730,    -7.779705,     2.204724
   86.105940,    67.647790,    11.922193,    -1.655140
   28.626394,    85.296597,     3.694430,     8.399407
   75.994818,    80.089679,     0.691748,     1.218525
   20.357432,    32.596623,   -10.691193,   -10.029087
   21.526865,    13.482225,    -0.708768,    -1.573090
   14.799614,     2.559015,    -7.705961,    -7.690301
   50.305313,    48.733196,     4.027486,     4.201294
   97.352247,    70.023960,    -1.265998,     0.898139
   57.209241,    14.713595,    -5.223689,     2.217437
    6.110565,    15.798085,     2.991428,    -5.293471
   79.912102,    74.486200,    -1.741298,     5.137435
   90.031239,    69.548835,    -3.112211,     5.337864
   70.079719,    79.647450,    -6.194731,    -0.609390
   81.900605,    97.245122,     7.367948,    -1.732553
   66.798077,    74.474612,    -6.019983,     2.680809
   90.173187,    87.774561,     0.000000,     0.000000
   73.062745,     6.648993,    -7.152663,     7.436308
    4.715710,    34.559654,     0.138204,     1.274789
   86.847069,    67.713240,     2.306753,     3.229257
   64.278969,    12.278129,    -9.326656,    -0.157382
    5.737482,    20.251239,     3.947119,     0.055648
   29.493951,    42.597174,     5.273305,     3.934534
    2.487477,    23.365126,     1.644850,    -2.515646
   32.417573,    49.677909,     1.533366,     3.062261
   15.841104,    24.319748,    -9.575881,    -0.713736
   78.223440,    54.179343,    -3.294229,     0.202677
   49.621997,    88.343912,     2.614098,   -11.463187
   63.704795,    67.598005,    -6.362046,    11.340502
   26.254994,    11.892869,    -1.818005,   -11.577710
   23.458828,     5.532700,     2.660211,    14.586720
   47.526728,    23.890549,     5.896340,    -0.766934
    7.650347,    81.308572,     0.188325,    -5.167519
   69.555209,    91.493476,     1.710344,     1.015865
   25.293552,    28.099386,    -2.720784,     2.951872
    3.139869,    50.198123,     0.000000,     0.000000
    7.803779,    45.287108,    -5.878908,     5.252904
   18.077463,    62.029268,    -4.794564,    -8.930573
   65.380836,     7.655838,     4.823689,    -5.651557
   41.222807,    73.963211,     0.000000,     0.000000
   90.251300,    86.424054,     0.000000,     0.000000
   34.182022,    30.163173,    -0.519899,     1.383573
   33.282542,    91.394488,     2.664795,    -2.333202
   92.862879,    62.194104,     0.817185,     0.549865
   13.413976,     6.274858,     0.887254,    -4.486500
