x-position, y-position, x-velocity, y-velocity
   99.758399,    37.756936,     0.000000,     0.000000
   55.334178,    28.713155,    -0.633014,   -10.377279
   96.625622,    71.781460,     0.000000,     0.000000
   75.044841,    73.241070,     2.283047,     0.038444
   55.324823,    86.837582,     4.937478,     1.532239
   41.420970,    82.266108,     0.718134,    -5.199023
    6.738243,    97.382589,   -14.840001,    -3.688404
    1.662958,    32.193514,     0.663951,     3.300040
   32.338579,    54.719137,    -0.492006,     3.324276
   34.882138,    24.111438,     0.000000,     0.000000
   12.043345,    87.887218,    -4.680755,    -0.755340
   17.128939,    27.076262,     6.472971,     5.087817
   90.151927,    84.134620,     0.000000,     0.000000
   34.599593,    43.554628,    -6.620403,    -6.208408
   39.916148,    79.360109,     1.438639,    14.780005
   64.999096,    52.623972,    -1.599290,     1.793142
    2.572990,    29.187372,    -1.393736,    -1.400094
   52.534607,    32.124384,   -15.847242,     9.374195
   65.939512,    66.295658,     2.774973,     0.238863
   41.553668,    45.819866,     2.060704,    -5.324834
   78.389966,    64.841281,    -5.326808,    -2.139693
   53.803074,    71.740211,    -2.609492,     3.116910
   60.746284,    50.834998,    13.991973,    -4.188184
   95.827331,    21.938719,    -0.637507,     0.101459
   63.554396,    50.007231,     1.483514,    -3.380191
   68.008280,    56.743897,     1.602221,    -0.031227
   46.231349,    13.025382,     0.000000,     0.000000
   33.671497,    97.868469,     0.000000,     0.000000
   10.478256,    36.325855,    -0.941982,    -5.351977
   75.789877,    72.349177,    -0.482263,     0.111289
   71.237685,    32.338238,    -3.284811,    -7.998582
   72.185743,    91.078276,     0.000000,     0.000000
   94.064466,    59.412005,     4.230543,     5.676169
   66.365392,    95.813266,     1.234319,    -5.556163
   11.684758,    89.158087,    -1.113475,    -4.029685
   63.063769,    63.474631,     4.081388,    -2.379287
   92.919856,    21.626517,     1.793451,    -3.137342
   97.397022,    19.171854,     2.004841,    -2.161570
    3.665935,    94.255852,     4.143712,   -11.935935
   60.640700,    64.395170,     0.673202,     5.415535
   66.515086,    70.743588,    -0.324597,    -1.797964
   67.236114,     3.308081,    -3.582384,    -3.405437
   97.798250,    79.998144,     0.000000,     0.000000
   82.998835,    33.779948,    -4.570763,    -4.101045
   66.134544,    11.885970,     0.000000,     0.000000
   73.156992,    75.615105,     0.000000,     0.000000
   40.843071,     3.949921,     0.000000,     0.000000
   92.934139,    70.365418,     0.000000,     0.000000
   15.635684,    52.995133,     0.000000,     0.000000
   67.770103,    75.513355,    -0.237455,    -0.076162
   76.668786,    67.272311,    -6.074226,    10.843075
   27.829790,    71.622060,     3.119944,   -12.453884
    8.246172,    78.243303,    -2.348498,    -4.066415
   62.728811,    96.411768,     2.686769,     4.205751
   76.988979,    16.550510,    -2.776226,    -5.398865
   97.529588,    56.285457,    -8.960060,    -1.192470
   73.381737,    99.085290,     0.000000,     0.000000
   57.600687,    98.448119,    -2.341691,    -4.709183
   38.105372,    18.305741,     3.113176,    -4.305441
   59.088440,    69.976088,    11.660395,     2.534801
   52.660225,    39.337589,    -4.066857,    12.595355
   99.794009,     3.479114,     0.000000,     0.000000
   99.049080,    91.757229,     0.000000,     0.000000
   75.109506,    69.400839,    -1.934330,     0.195156
   95.422147,    75.919022,     0.000000,     0.000000
    7.022059,    93.053882,     5.205834,     7.174404
   96.956110,     9.545543,   -10.585348,     1.291484
   76.500208,    50.840385,     4.443221,     1.224595
   86.931138,    36.098268,    -5.659756,    15.407085
   65.805764,    32.462870,     0.522334,    11.459711
   81.622519,    70.587338,     2.885523,     3.522504
   63.874501,    47.594180,    -6.596901,    13.038239
   14.397855,    68.192706,    -2.667516,    -3.890458
   52.076587,    75.118346,     2.683172,    -4.259756
    6.056793,    69.551442,   -17.540165,    -6.777757
   14.615660,     9.690718,     0.000000,     0.000000
   59.152125,     5.847335,     0.000000,     0.000000
   54.344646,    79.424816,     2.053392,     1.871345
   86.778009,    69.969548,     0.064404,     2.748381
   30.908706,    31.368297,     5.788206,    -0.185092
   67.278828,    55.259435,     0.031519,     2.052729
   73.829283,    51.911106,     4.361512,    -1.012829
   41.683341,    40.701674,    -0.435705,    -2.622662
   17.090173,    68.557861,    -0.867826,     0.809803
    7.919999,    29.216303,    -0.974166,    -8.483175
   14.387161,    24.903446,     1.158815,    -9.369354
   55.377308,     8.304660,     0.000000,     0.000000
   38.182910,    97.519628,     0.000000,     0.000000
    2.499801,    73.088101,     0.000000,     0.000000
   79.498629,    76.050948,     0.000000,     0.000000
   53.535351,    32.265874,    -6.127384,     2.069721
   90.472751,    38.499596,    13.194079,     7.413397
   91.132394,    18.864637,    -4.520169,    -8.550338
    9.474258,    66.091456,     5.614827,   -13.852401
   32.527802,    93.841035,     0.000000,     0.000000
   62.084348,    97.084576,     4.526766,    -1.845955
    5.767137,    23.257102,     0.000000,     0.000000
   10.526615,    94.255174,    -0.809069,     6.255444
   32.220095,    87.503107,     6.442559,     3.296711
   23.491055,    90.594132,     0.602305,     9.960767
    8.260838,    55.889957,     0.000000,     0.000000
   30.441188,    32.848550,    -3.713883,   -10.617670
   41.035580,    20.607985,   -14.007255,   -14.733721
   40.048628,    59.892227,     8.979755,   -24.709714
   57.132836,    15.427252,     0.000000,     0.000000
    3.406928,    44.024768,     0.000000,     0.000000
   40.737243,    45.649925,     0.225743,    -0.528354
   40.601398,    31.778371,     1.391064,     1.082309
   97.681957,    48.611536,     0.000000,     0.000000
   69.489739,    68.870895,    -0.000344,     0.702297
    1.489393,    81.269088,     0.000000,     0.000000
   11.835893,    45.282393,    -2.441235,     5.959356
    5.317988,    30.555432,    -0.680771,     1.172634
   90.992619,    52.330235,     2.820138,    -6.083635
   68.285537,    72.762524,     4.491570,    -4.757929
   58.613131,    15.134560,     0.000000,     0.000000
   86.862404,    40.341176,     5.784920,     9.698392
   12.488232,    16.878590,     0.000000,     0.000000
   81.892949,    54.458793,    -3.412599,     0.103677
   83.640004,    72.644468,     0.029239,    -0.032869
   72.900099,    24.229657,    -2.590894,     2.049320
   72.870070,    17.199912,    -6.524662,    -8.248936
   51.529062,    96.707137,    -2.470677,    -1.938138
   66.871500,    99.363566,    -0.057408,    -0.012288
   62.550760,     3.457753,    -4.496733,    -2.356457
   41.718312,    26.415347,    10.607320,    -9.369269
   36.216438,    22.369049,     0.000000,     0.000000
   56.590877,    45.746359,   -13.920505,     4.014469
   48.493003,    82.043683,    -0.447123,    -0.210484
   46.799918,     5.423553,     0.000000,     0.000000
   76.209479,    86.528195,     0.000000,     0.000000
   85.510215,    24.306486,     6.236139,    11.900176
   27.937479,    45.774834,     0.801594,     5.166145
   92.283389,    19.851154,    -1.097131,     2.237186
   46.154255,    12.789662,     0.000000,     0.000000
   55.085735,    38.066076,   -12.020191,    14.383305
   91.695004,    62.599942,     1.066696,     0.842042
   69.697433,    66.689338,     0.707672,     2.288170
   16.736945,    95.615418,    -4.609552,     4.554098
   85.609146,    75.635432,     0.019352,    -0.007163
   74.695272,    63.357181,    -0.274583,     0.683579
   30.810193,    22.877812,     0.000000,     0.000000
   59.721299,    52.242216,    -3.862917,     5.024299
   63.192428,    63.391173,     0.074837,    -1.816762
   96.789788,    98.778218,     0.000000,     0.000000
   98.722745,    55.437949,    -1.479468,    -3.919453
   41.976476,    29.357637,    -4.311321,   -16.908006
   93.257931,    25.891727,     2.936692,    -2.406278
   35.004074,    77.768626,    -1.217102,     4.834990
   94.218804,    59.702496,    -1.025996,     2.652395
   43.945340,    40.944313,    -3.120897,    -4.954440
   57.774820,    57.790223,     2.696224,    -5.358566
   17.160541,    69.580443,     1.827470,     1.853662
   38.421416,    17.868661,    -1.970795,     2.169113
   18.459151,    27.890660,     3.071234,    -3.907376
   33.643344,    34.894753,     3.871451,    -6.614065
   74.278282,    50.803934,     0.119715,     2.139469
   38.912176,    62.586033,    -4.778095,     8.047138
   65.711261,    70.514489,     5.635893,     5.658125
   31.685977,    30.086432,     1.624019,    -1.496167
   27.619111,    21.317515,     0.000000,     0.000000
   20.792203,    20.036143,     0.000000,     0.000000
   41.265183,    41.779636,    -5.871463,     1.807555
   97.950988,    69.373880,     0.000000,     0.000000
   54.777947,    14.914990,     0.000000,     0.000000
   13.822309,    15.230385,     0.000000,     0.000000
   80.145195,    67.800319,     2.727736,     0.490841
   88.192649,    65.254173,     5.903490,     0.992900
   71.194251,    77.720101,     0.000000,     0.000000
   64.915513,    85.804670,     8.524809,     5.045370
   66.702614,    76.755327,     0.041700,     0.040091
   90.173187,    87.774561,     0.000000,     0.000000
   94.971016,    16.531975,    -7.598873,    -0.042211
    6.946186,    30.748471,    -9.629018,    -1.330807
   86.580293,    66.823826,    -3.844417,     5.301394
   63.604439,    14.030196,     0.000000,     0.000000
   10.787217,    29.652276,    -4.552571,    -6.357606
   35.001570,    46.947452,     4.308995,     0.932633
    2.908621,    27.450653,     0.270399,     1.342317
   26.583716,    44.216415,     0.622323,    -1.234622
   30.265432,    37.211374,    -9.220182,   -13.565904
   80.538998,    51.109217,    -0.018354,    -0.604144
   57.552670,    97.459703,     0.403404,     0.504257
   74.969667,    59.085044,    -7.106281,     2.753693
   29.359032,    19.773252,     0.000000,     0.000000
   16.890963,    20.910772,     0.000000,     0.000000
   33.761487,    25.625025,     0.000000,     0.000000
    8.378483,    93.516449,    -5.261363,    -1.268568
   59.763252,    86.582722,     3.028674,     5.802496
   43.778852,    25.771541,    -5.094431,     3.810739
    3.139869,    50.198123,     0.000000,     0.000000
   10.708883,    38.977740,    -4.089277,     0.719739
   17.643330,    56.517103,    -0.237273,    -0.581188
   61.807163,     9.441597,     0.000000,     0.000000
   41.222807,    73.963211,     0.000000,     0.000000
   90.251300,    86.424054,     0.000000,     0.000000
   44.763924,    26.527252,   -19.227145,     6.732651
   24.678639,    85.809110,     4.413514,     8.112073
   93.705154,    64.603514,    -1.254302,     1.303882
   14.411824,     9.464066,     0.000000,     0.000000
