x-position, y-position, x-velocity, y-velocity
   99.758399,    37.756936,     0.000000,     0.000000
   64.948631,    20.937127,     3.814416,     3.335901
   95.011663,    75.657683,    -1.377879,     4.119299
   89.697827,    87.780669,     0.459891,     2.899965
   78.179273,    94.847884,    -1.651472,    -2.343501
   25.786785,    92.550011,     9.519228,    10.855039
   23.645257,    46.035501,     3.125182,   -10.419190
   20.378311,    48.453156,     8.603511,    -4.686681
   37.478601,    77.632627,     0.061105,    -1.586071
   49.068306,     7.516750,     6.785448,    -2.305556
   12.119056,    75.750441,     3.981722,    -0.727344
    5.846357,    10.014582,    -6.849700,     4.632711
   94.346773,    89.642180,     0.717772,     3.786908
   39.139221,    81.518048,    11.934224,     3.544661
   62.509400,    89.444313,     0.992142,     0.113479
   57.130269,    36.917606,    -2.197807,    -4.679096
   12.183514,    35.193168,    -1.887469,     0.511500
   38.240952,    60.078574,    -0.061852,     4.170638
   64.394781,    87.286071,     0.595370,     3.470798
   32.748012,    38.065707,    -7.742777,     6.149157
   66.371930,    61.037270,     6.132789,    -1.683396
   49.968913,    91.861095,    -5.398794,    -1.433525
   79.958978,    18.783261,    11.972859,   -15.930474
   97.510902,     7.385533,    -0.864427,    -2.075889
   86.135406,    18.494221,    -3.008015,    -2.899347
   59.775263,    70.789677,    -4.354609,     3.560189
   41.270820,    24.403078,    -6.605029,    -6.786169
   51.227045,    96.471196,    -1.697570,    -1.191711
    4.420833,     6.995922,    -1.808659,   -11.028460
   88.451458,    79.312666,     1.870791,    -2.514442
   82.415924,     6.887121,     1.388757,     3.558734
   91.655970,    92.212928,    -6.908689,    -9.585980
   97.160314,    75.522439,     5.034949,    -0.796623
   78.679259,    96.482090,     0.290165,    -3.846008
    2.284814,    64.762063,     3.164690,    -2.875018
   78.992361,    88.939629,     4.486806,     3.521126
   81.093552,    27.111458,     0.248890,     5.790898
   86.492294,     7.785314,     9.396966,    -5.694294
   31.353110,    63.686848,     3.124691,    -0.816546
   62.233786,    86.809062,     5.087207,     4.803590
   45.946150,    57.364776,    -0.264906,    -5.619407
   78.335463,     7.986204,     8.676156,     0.632091
   97.892590,    80.266553,     0.258039,     8.167818
   63.554202,    40.343153,    -1.893210,     5.068675
   84.733499,     2.536671,    -2.166071,    -0.526501
   83.561475,    81.138793,     4.261137,    -0.693009
   48.976850,    24.760150,   -10.660365,     0.239248
   95.193929,    85.551959,     1.553731,    -1.539443
   30.306563,    26.451212,     1.856558,     2.893543
   80.057438,    94.234604,     3.773981,     7.894500
   83.883553,    88.660719,    -2.593854,     1.767632
   33.517822,    32.933409,     4.954889,    -0.258296
   17.257489,    72.301700,     1.329772,     5.388872
   90.206115,    88.223739,    -8.272686,     0.655762
   66.184722,    12.912948,    -4.711032,     5.111225
   67.714316,    55.686260,    -1.094273,     0.846695
   62.980087,    91.489643,    -2.288855,     6.447789
   71.291114,    95.160211,     2.393383,    -1.968938
   33.592406,    25.073870,    -6.656590,    -1.128562
   53.034360,    85.627731,    -1.421725,    -1.843674
   54.563884,    75.947983,     4.723175,     2.913476
   99.794009,     3.479114,     0.000000,     0.000000
   96.241194,    94.513404,    -8.098899,    -1.297864
   70.284870,    78.671849,     3.147559,     6.021546
   93.653977,    82.170271,    -1.090263,    -1.339366
   29.173597,    92.914695,     4.873621,    -6.474091
   73.301988,    44.626061,     1.996854,    10.400884
   59.145662,    41.833565,    -6.501235,    -2.427967
   86.042256,    58.837223,     0.819260,    -3.159227
   64.317518,    49.689027,    -3.144215,    -4.317026
   70.431419,    73.063139,    -6.790060,     0.569286
   42.670235,    59.064583,    -2.802553,    -0.453376
   14.369728,    38.720262,    -1.792116,     3.139370
    7.100720,    81.951620,    -6.375583,   -13.401225
   48.760893,    67.527172,     3.869752,     6.082088
   11.048419,     4.130603,     4.193221,    -7.192861
   11.577390,    14.094290,     0.150176,     5.691157
   62.440672,    86.656508,    -2.792598,    -6.838095
   95.051945,    88.259905,     1.693939,     5.907786
    9.693011,    11.937498,     0.271222,     0.086229
   67.192767,    80.456035,     0.966297,     8.970228
   71.764314,    52.772052,    -0.087275,    -0.536751
   29.924820,    85.890695,    -7.793617,     6.100697
   24.111466,    72.659820,    -2.380326,    -3.358445
   11.678298,    15.044819,     2.673063,    -0.203296
    8.634390,    14.693662,    -4.432922,     7.245374
   48.650573,    17.850216,    -5.409203,     8.031666
   52.361004,    80.985017,    -1.604205,    -1.317915
   15.354480,    67.537311,     9.293683,     2.817122
   90.879731,    86.369608,     3.412123,    -0.731946
   39.287415,    10.262988,     0.444327,    -2.418595
   77.472736,    31.867273,    -1.520946,    -4.448343
   80.976435,    13.520976,     1.790795,    -0.232082
   28.983073,    28.415183,    -4.148923,     4.256997
   42.540873,    68.806836,    -1.215115,    -7.303291
   58.664090,    93.657651,     6.579579,    -2.495751
    7.229615,     3.322799,     1.608040,    -8.305429
   37.046645,    83.820766,     8.144877,    -1.388506
   44.959499,    86.979108,     6.399924,     1.950746
    7.353655,    78.299318,   -11.758790,    -9.250508
   20.643833,    76.100006,     7.937889,     6.165256
   33.052103,    30.149160,     0.754710,    19.782857
   12.414564,    24.852901,    -0.888400,    10.157718
   11.725000,    69.537456,    -2.547501,     3.489802
   49.329625,    21.942879,     0.999374,     3.237688
    6.791027,    45.823296,     0.856688,    -5.587913
   27.707599,    78.181890,     1.822690,     4.987402
   16.322697,    37.883119,     1.497911,     5.216241
   54.170774,    66.055960,    -7.992976,    -6.278665
   79.782130,    81.353892,     0.525919,     1.629907
    2.802545,    61.734973,     6.108521,     2.730390
    9.092123,    50.764053,     7.432123,    -0.669971
    9.831302,    30.268970,    -4.343115,     3.223894
   82.643699,    59.919559,    -2.744531,     3.901979
   79.694329,    90.912745,     3.766313,     2.738365
   43.760161,    34.852035,    -2.857232,     9.111044
   36.245914,    26.629793,     9.505247,    -1.061155
   27.429279,    15.223784,     7.717320,    10.405814
   89.201157,    77.508249,     0.593359,     2.226635
   93.007235,    83.034065,     0.967362,     0.663814
   63.249127,    32.652183,     3.007367,     7.999820
   71.597611,    42.568856,     5.889821,    11.522400
   54.590785,    97.262721,     3.222076,    -5.964987
   95.850131,    93.518668,     7.767582,     2.494841
   51.908438,    18.195897,     4.127137,     1.993208
   43.924463,    15.036311,    -1.235629,     1.006523
   32.624930,     2.368013,    -0.649465,     3.512936
   55.617383,    42.518438,     6.389022,    -2.813035
   51.931078,    65.828843,    -3.962902,     2.251128
   57.621499,     9.090480,     1.481655,     2.921997
   79.156717,    95.206798,     2.734387,     3.052889
   78.795251,    22.062009,     0.784107,    -0.996913
   23.199622,    40.315302,     6.406655,    -3.700937
   84.629858,     6.516806,    -2.953721,     1.157083
   49.373172,    15.026035,     2.955451,     0.575764
   45.933991,    12.784767,    -4.193441,    -3.358267
   94.961396,    81.386801,     3.817376,    -2.803457
   78.286994,    57.052476,     1.733244,    -4.490639
    4.845927,    96.346182,    -2.119127,    -1.092038
   93.522094,    89.253413,     6.605898,    -0.830683
   71.142065,    63.711218,    -2.279039,     1.120687
   13.035953,     3.224708,     6.906932,     5.774787
   70.089914,    81.020932,    -2.485884,     0.424146
   56.566808,    44.190238,     0.212223,     0.352363
   93.770192,    98.177568,     0.822753,     0.305695
   84.066805,    59.273402,    -2.839970,    -0.271892
   87.855756,     9.930039,     5.787654,    -7.288314
   81.633386,    29.716773,    -3.673740,     2.924988
   36.168070,    93.480922,     1.085734,    -1.869954
   97.088420,    72.494403,     3.445260,    -0.552523
   45.063501,    43.406931,    -6.519293,     4.973124
   57.351346,    58.768560,    -2.852175,     4.932347
   20.016807,    89.655474,    -5.898811,     7.674198
   42.469222,    23.066005,    -1.406653,     6.718909
   19.178230,    39.120745,    14.338744,     0.233723
    9.514926,    11.506796,     7.201700,     2.680869
   91.908438,    75.798952,    -2.917767,     3.120599
   42.442077,    88.782341,    -3.753371,     1.278990
   72.188543,    90.319904,    -3.860204,     4.910915
    2.303975,    30.884843,    -7.770102,     3.235839
    9.427298,    29.712148,     0.210969,     4.318828
    4.702059,     2.321410,     2.175025,     7.426290
   62.631569,    56.073117,     2.726900,    -5.831263
   97.619104,    80.146102,    -0.452189,     2.454048
   37.466581,    25.080610,    -1.801108,     1.990890
   18.211802,     4.925123,    10.067475,     0.300649
   87.594288,    87.315269,     4.021523,     3.440616
   93.593376,    55.326700,    -1.623909,    -3.153052
   49.494008,    98.201813,    -9.323897,    -7.414633
   95.442518,    94.696595,    -6.260227,     0.073281
   62.518610,    75.155066,    -0.711947,    -5.307775
   94.687318,    89.881560,     2.931724,    -1.999341
   66.312398,    30.157244,     3.788304,     6.131803
    1.555916,     8.704270,     4.923068,    -8.432249
   91.637823,    54.843066,    -4.274949,    -9.634774
   66.477610,     8.483095,     2.447536,     4.467007
    2.945840,     7.324760,     6.587201,    -2.292519
   27.959683,    42.015114,    -1.695516,    -1.068908
    7.444495,    38.739513,     7.934544,     4.519193
   41.249343,    65.382772,     3.091942,     7.088973
    4.189621,    59.642497,    -7.107657,    12.391510
   70.116730,    48.313669,    -1.406358,    -3.275365
   44.795951,    80.609490,    -0.945467,    -9.620164
   50.008772,    46.810935,    -4.637022,   -11.880039
   23.275202,    10.380155,     2.423782,     7.786439
   23.496475,    23.418051,    -2.211840,     0.663772
   51.047532,    20.612513,    -4.821899,     0.839154
   12.115021,    97.785156,     6.027201,     6.039808
   74.486361,    96.088399,    -2.983993,    -0.463551
   26.085021,    27.902610,    11.608112,     4.740353
   14.564859,    56.955003,     5.052934,    -4.952914
    5.497413,    38.300450,    -2.034816,    -5.008581
   16.327420,    62.370623,     4.188342,    -2.032867
   71.506018,     4.682846,     2.064079,    -1.080044
   49.323924,    71.078112,     2.023783,    -4.252758
   94.402404,    96.353027,     1.650324,     5.642502
   29.280631,    31.099140,    -4.928269,    -4.186610
   40.344726,    82.449067,    -0.929772,     1.026611
   92.259235,    63.751188,    -0.588547,     1.192918
   25.624101,     9.997370,    12.743256,     5.487820
