x-position, y-position, x-velocity, y-velocity
   99.758399,    37.756936,     0.000000,     0.000000
   56.714384,    32.287565,    -2.658318,    -2.710851
   96.625622,    71.781460,     0.000000,     0.000000
   75.044841,    73.241070,     0.000000,     0.000000
   52.362336,    85.918238,     4.937478,     1.532239
   45.544102,    83.027304,    -6.871887,    -1.268661
    8.301672,    95.412773,    -0.158857,     7.795521
    1.530168,    31.533506,     0.000000,     0.000000
   32.633783,    52.724572,    -0.492006,     3.324276
   34.882138,    24.111438,     0.000000,     0.000000
   14.273050,    87.395825,   -12.076540,     4.587606
   14.182881,    26.555114,     0.000000,     0.000000
   90.151927,    84.134620,     0.000000,     0.000000
   37.866251,    44.822724,    -7.449900,    -0.907381
   35.413697,    72.714125,    -0.118787,    12.211618
   65.842242,    51.645861,    -0.435003,     0.815408
    2.594722,    29.199396,     0.000000,     0.000000
   56.827231,    25.805097,    -5.046605,    11.154154
   64.871413,    65.773421,    -1.230607,     2.868081
   40.267974,    49.538000,     4.231849,    -6.070556
   81.255352,    61.691732,    -6.147311,    13.705163
   53.975499,    70.215501,     5.286811,    -3.422507
   52.536303,    55.216190,    14.255605,    -6.393846
   95.592627,    23.647544,     1.533157,    -3.305330
   64.157809,    49.403618,    -1.565546,     1.833325
   67.812987,    56.597779,     0.903573,    -0.291161
   46.231349,    13.025382,     0.000000,     0.000000
   33.671497,    97.868469,     0.000000,     0.000000
   10.978611,    38.718971,     0.665301,    -3.570903
   75.789877,    72.349177,     0.000000,     0.000000
   73.208571,    37.137387,    -3.284811,    -7.998582
   72.185743,    91.078276,     0.000000,     0.000000
   92.675331,    56.907071,    10.524943,    -2.991860
   66.164683,    96.007864,     0.000000,     0.000000
   14.532772,    91.623718,    -3.145594,    -6.527976
   61.632013,    63.932944,     5.185921,    -0.904488
   94.912265,    23.499499,    -5.638915,    -5.546038
   98.033562,    19.041092,    -4.366032,     2.534717
    5.788703,    90.577931,   -10.613841,     6.129868
   59.391671,    63.357992,     4.724147,    -0.714923
   66.245704,    70.883396,     0.000000,     0.000000
   69.385545,     5.351343,    -3.582384,    -3.405437
   97.798250,    79.998144,     0.000000,     0.000000
   85.341998,    36.103634,    -0.577816,    -2.731644
   66.134544,    11.885970,     0.000000,     0.000000
   73.156992,    75.615105,     0.000000,     0.000000
   40.843071,     3.949921,     0.000000,     0.000000
   92.934139,    70.365418,     0.000000,     0.000000
   15.635684,    52.995133,     0.000000,     0.000000
   67.778401,    75.503423,     0.000000,     0.000000
   77.191817,    65.120111,     0.000000,     0.000000
   25.957823,    79.094391,     3.119944,   -12.453884
    9.655271,    80.683152,    -2.348498,    -4.066415
   61.669902,    96.311743,     1.901257,     1.250154
   78.654715,    19.789829,    -2.776226,    -5.398865
   95.089497,    57.504251,    -1.403360,     4.155426
   73.381737,    99.085290,     0.000000,     0.000000
   57.071832,    96.105656,     2.446180,     2.862330
   38.105372,    18.305741,     0.000000,     0.000000
   52.761105,    67.739565,     4.971372,     9.691230
   55.265728,    32.201015,    -4.201781,    12.127683
   99.794009,     3.479114,     0.000000,     0.000000
   99.049080,    91.757229,     0.000000,     0.000000
   74.884656,    69.191851,     0.000000,     0.000000
   95.422147,    75.919022,     0.000000,     0.000000
   10.396350,    93.090729,    -3.221163,     1.805021
   92.721971,     8.770652,    10.585348,     1.291484
   75.416595,    50.443399,     0.022299,    -0.083969
   90.326991,    26.854017,    -5.659756,    15.407085
   65.492364,    25.587043,     0.522334,    11.459711
   81.567157,    69.147838,     0.000000,     0.000000
   66.807863,    40.039260,   -15.501659,     6.811354
   14.873282,    69.529109,     1.252298,    -4.349408
   51.191052,    78.044407,     1.475893,    -4.876768
   15.004921,    77.776054,   -12.286929,   -20.637617
   14.615660,     9.690718,     0.000000,     0.000000
   59.152125,     5.847335,     0.000000,     0.000000
   53.112610,    78.302008,     2.053392,     1.871345
   88.701956,    68.396890,    -3.739313,     2.600367
   31.077207,    31.845426,     0.000000,     0.000000
   66.493877,    54.192652,     0.730167,     2.312664
   71.625575,    51.834878,     3.203967,     0.921989
   42.579969,    41.891084,    -2.118238,    -2.168811
   17.899011,    68.784694,    -1.842990,     1.097054
    8.579391,    30.435197,     0.000000,     0.000000
   11.023717,    30.195058,    10.703020,    -8.188914
   55.377308,     8.304660,     0.000000,     0.000000
   38.182910,    97.519628,     0.000000,     0.000000
    2.499801,    73.088101,     0.000000,     0.000000
   79.498629,    76.050948,     0.000000,     0.000000
   58.841733,    32.197220,    -2.070813,    -0.914762
   83.224476,    33.144513,     6.512355,    16.483838
   92.285147,    23.653642,     0.974979,    -8.175087
    7.681332,    70.244939,     0.361591,     0.007459
   32.527802,    93.841035,     0.000000,     0.000000
   59.438278,    98.824352,    -4.911421,    -3.648674
    5.767137,    23.257102,     0.000000,     0.000000
   12.049689,    95.489150,    -1.683836,    -8.437559
   28.354560,    85.525081,     6.442559,     3.296711
   23.129672,    84.617672,     0.602305,     9.960767
    8.260838,    55.889957,     0.000000,     0.000000
   27.430726,    39.247228,     3.698342,   -12.298929
   44.895042,    25.669000,     0.000000,     0.000000
   34.660775,    74.718055,     8.979755,   -24.709714
   57.132836,    15.427252,     0.000000,     0.000000
    3.406928,    44.024768,     0.000000,     0.000000
   42.560954,    46.286061,    -2.638677,    -1.816641
   40.387449,    31.628673,     0.000000,     0.000000
   97.681957,    48.611536,     0.000000,     0.000000
   69.567898,    69.284525,     0.000000,     0.000000
    1.489393,    81.269088,     0.000000,     0.000000
   13.300634,    41.706779,    -2.441235,     5.959356
    5.630949,    30.021725,     0.000000,     0.000000
   89.300536,    55.980416,     2.820138,    -6.083635
   68.170393,    72.808839,     0.000000,     0.000000
   58.613131,    15.134560,     0.000000,     0.000000
   83.122574,    35.566124,     8.473697,    -0.741449
   12.488232,    16.878590,     0.000000,     0.000000
   83.335409,    54.889696,    -3.430953,    -0.500467
   83.664601,    72.609205,     0.000000,     0.000000
   74.454635,    23.000065,    -2.590894,     2.049320
   76.784868,    22.149273,    -6.524662,    -8.248936
   53.011468,    97.870021,    -2.470677,    -1.938138
   66.882982,    99.363566,     0.000000,     0.000000
   65.248800,     4.871627,    -4.496733,    -2.356457
   41.649822,    25.837185,     0.000000,     0.000000
   36.216438,    22.369049,     0.000000,     0.000000
   63.718899,    42.645560,    -1.677698,    10.935654
   48.761277,    82.169973,    -0.447123,    -0.210484
   46.799918,     5.423553,     0.000000,     0.000000
   76.209479,    86.528195,     0.000000,     0.000000
   81.768532,    17.166380,     6.236139,    11.900176
   28.133074,    43.849136,    -2.012150,     0.283584
   92.251793,    18.635756,    -1.764684,     2.586839
   46.154255,    12.789662,     0.000000,     0.000000
   64.717833,    31.189001,   -24.717171,     8.389075
   90.975957,    61.710463,     0.000000,     0.000000
   69.792790,    66.702666,     0.000000,     0.000000
   19.502676,    92.882959,    -4.609552,     4.554098
   85.640501,    75.614258,     0.000000,     0.000000
   74.695272,    63.357181,     0.000000,     0.000000
   30.810193,    22.877812,     0.000000,     0.000000
   62.725813,    50.317405,    -5.579825,     2.299878
   62.520057,    62.267670,    -1.310701,     2.459006
   96.789788,    98.778218,     0.000000,     0.000000
   99.033691,    56.359574,     0.000000,     0.000000
   34.462645,    37.717522,    12.879632,   -13.683645
   91.495916,    27.335493,     2.936692,    -2.406278
   34.819591,    75.003829,     7.930344,     3.473015
   93.467535,    57.796025,     2.446607,     4.198999
   46.282161,    42.453618,    -4.491968,    -3.221996
   56.157086,    61.005363,     2.696224,    -5.358566
   16.901000,    68.753402,    -1.117180,     2.025360
   38.421416,    17.868661,     0.000000,     0.000000
   18.346842,    28.033545,     0.000000,     0.000000
   36.892948,    40.005027,   -10.059735,    -9.468652
   72.210934,    49.866407,     5.698182,     1.513215
   41.779033,    57.757750,    -4.778095,     8.047138
   59.566294,    70.012230,    10.550079,    -0.192698
   32.308934,    30.589982,     0.000000,     0.000000
   27.619111,    21.317515,     0.000000,     0.000000
   20.792203,    20.036143,     0.000000,     0.000000
   41.778689,    41.700293,    -2.124586,     1.655268
   97.950988,    69.373880,     0.000000,     0.000000
   54.777947,    14.914990,     0.000000,     0.000000
   13.822309,    15.230385,     0.000000,     0.000000
   80.669425,    66.583894,     0.000000,     0.000000
   85.111800,    63.047611,     4.273668,     6.684789
   71.194251,    77.720101,     0.000000,     0.000000
   59.800627,    82.777448,     8.524809,     5.045370
   66.720246,    76.770056,     0.000000,     0.000000
   90.173187,    87.774561,     0.000000,     0.000000
   97.488845,    16.439014,    -0.793891,     0.352084
   13.043937,    32.835513,   -11.948301,    -2.986881
   86.463110,    65.177442,     1.589120,    -0.242481
   63.604439,    14.030196,     0.000000,     0.000000
   13.412010,    34.723191,    -4.347611,    -8.769811
   33.121757,    48.844822,     5.138492,    -4.368394
    3.102330,    27.309506,     0.000000,     0.000000
   25.533770,    43.783199,     3.436067,     3.647938
   30.225067,    44.209081,     4.711004,   -10.711316
   81.155109,    50.978595,     0.000000,     0.000000
   58.104436,    96.607737,     7.016143,     1.807088
   79.233435,    57.432828,    -7.106281,     2.753693
   29.359032,    19.773252,     0.000000,     0.000000
   16.890963,    20.910772,     0.000000,     0.000000
   33.761487,    25.625025,     0.000000,     0.000000
   13.621346,    94.631557,    -7.682970,     1.990480
   57.946048,    83.101224,     3.028674,     5.802496
   53.641171,    27.003508,   -21.966761,    -9.929071
    3.139869,    50.198123,     0.000000,     0.000000
   13.227283,    39.363966,    -5.696559,    -1.061335
   17.785694,    56.865816,    -0.237273,    -0.581188
   61.807163,     9.441597,     0.000000,     0.000000
   41.222807,    73.963211,     0.000000,     0.000000
   90.251300,    86.424054,     0.000000,     0.000000
   56.538044,    31.515220,   -20.412257,    -7.908908
   22.030530,    80.941866,     4.413514,     8.112073
   93.758979,    64.546441,     0.000000,     0.000000
   14.411824,     9.464066,     0.000000,     0.000000
