x-position, y-position, x-velocity, y-velocity
   99.758399,    37.756936,     0.000000,     0.000000
   57.058898,    32.742864,    -0.559834,    -0.812398
   96.625622,    71.781460,     0.000000,     0.000000
   75.044841,    73.241070,     0.000000,     0.000000
   50.387344,    85.305342,     4.937478,     1.532239
   48.292857,    83.534769,    -6.871887,    -1.268661
    8.301672,    95.412773,     0.000000,     0.000000
    1.530168,    31.533506,     0.000000,     0.000000
   32.830585,    51.394861,    -0.492006,     3.324276
   34.882138,    24.111438,     0.000000,     0.000000
   19.103665,    85.560782,   -12.076540,     4.587606
   14.182881,    26.555114,     0.000000,     0.000000
   90.151927,    84.134620,     0.000000,     0.000000
   40.282231,    49.816136,    -4.630002,   -24.059678
   36.996100,    68.656401,    -3.909819,    10.163057
   66.280125,    51.161204,    -0.554189,     0.708268
    2.594722,    29.199396,     0.000000,     0.000000
   65.434629,    24.320359,   -27.009125,     1.231076
   64.994474,    65.486613,     0.000000,     0.000000
   39.609454,    52.695463,     1.646299,    -7.893658
   82.830615,    56.508723,     2.689303,    10.714600
   53.000506,    71.240300,     3.300704,    -3.164400
   46.834061,    57.773728,    14.255605,    -6.393846
   95.148443,    24.712613,     1.093735,    -2.453693
   64.520146,    48.828781,    -1.446360,     1.940465
   67.726178,    56.588175,     0.688515,    -0.287717
   46.231349,    13.025382,     0.000000,     0.000000
   33.671497,    97.868469,     0.000000,     0.000000
   10.937910,    38.937429,     0.000000,     0.000000
   75.789877,    72.349177,     0.000000,     0.000000
   74.522496,    40.336820,    -3.284811,    -7.998582
   72.185743,    91.078276,     0.000000,     0.000000
   89.836126,    54.825036,     0.000000,     0.000000
   66.164683,    96.007864,     0.000000,     0.000000
   15.920967,    93.017817,    -4.445164,     5.642939
   61.619176,    63.698764,     0.000000,     0.000000
   97.055927,    26.335503,    -5.346395,    -6.854993
   99.461214,    18.291795,    -1.178424,    -0.111177
   10.034240,    88.125984,   -10.613841,     6.129868
   56.601311,    62.776563,     7.368760,     3.707676
   66.245704,    70.883396,     0.000000,     0.000000
   70.818498,     6.713518,    -3.582384,    -3.405437
   97.798250,    79.998144,     0.000000,     0.000000
   86.892163,    37.014543,    -3.775827,    -2.995382
   66.134544,    11.885970,     0.000000,     0.000000
   73.156992,    75.615105,     0.000000,     0.000000
   40.843071,     3.949921,     0.000000,     0.000000
   92.934139,    70.365418,     0.000000,     0.000000
   15.635684,    52.995133,     0.000000,     0.000000
   67.778401,    75.503423,     0.000000,     0.000000
   77.191817,    65.120111,     0.000000,     0.000000
   25.515195,    82.097368,    -4.933555,     7.331880
   10.594670,    82.309718,    -2.348498,    -4.066415
   61.822549,    95.760864,     0.000000,     0.000000
   79.765205,    21.949375,    -2.776226,    -5.398865
   94.762371,    58.369787,     0.000000,     0.000000
   73.381737,    99.085290,     0.000000,     0.000000
   53.997740,    95.143176,     8.126094,     2.293125
   38.105372,    18.305741,     0.000000,     0.000000
   49.632824,    64.207276,     6.957480,     9.433123
   55.738064,    30.822548,     0.416950,    -0.295062
   99.794009,     3.479114,     0.000000,     0.000000
   99.049080,    91.757229,     0.000000,     0.000000
   74.884656,    69.191851,     0.000000,     0.000000
   95.422147,    75.919022,     0.000000,     0.000000
   10.234194,    93.340076,     0.000000,     0.000000
   88.487832,     8.254059,    10.585348,     1.291484
   75.424400,    50.396045,     0.000000,     0.000000
   87.731223,    22.980670,    12.584777,     8.813202
   65.283431,    21.003159,     0.522334,    11.459711
   81.567157,    69.147838,     0.000000,     0.000000
   73.008527,    37.314718,   -15.501659,     6.811354
   13.719350,    69.923914,     3.214970,    -0.267448
   49.961799,    78.728147,     4.305967,     0.735436
   19.919692,    86.031101,   -12.286929,   -20.637617
   14.615660,     9.690718,     0.000000,     0.000000
   59.152125,     5.847335,     0.000000,     0.000000
   52.930149,    78.820437,    -0.776682,    -3.740859
   88.701956,    68.396890,     0.000000,     0.000000
   31.077207,    31.845426,     0.000000,     0.000000
   65.927190,    53.393655,     0.945225,     2.309219
   70.080956,    51.486447,     3.302567,     0.625405
   43.719815,    42.240171,    -3.506877,     0.530323
   19.046538,    68.521467,    -4.294338,    -1.084600
    8.579391,    30.435197,     0.000000,     0.000000
   11.023717,    30.195058,     0.000000,     0.000000
   55.377308,     8.304660,     0.000000,     0.000000
   38.182910,    97.519628,     0.000000,     0.000000
    2.499801,    73.088101,     0.000000,     0.000000
   79.498629,    76.050948,     0.000000,     0.000000
   60.091018,    32.415511,    -3.777744,     0.511318
   79.562165,    27.488287,     8.430130,    14.197545
   93.488664,    24.718156,    -6.690522,    -2.608642
    7.536695,    70.241955,     0.361591,     0.007459
   32.527802,    93.841035,     0.000000,     0.000000
   60.085165,    99.226059,    -3.918719,     2.977055
    5.767137,    23.257102,     0.000000,     0.000000
   12.306372,    94.781116,     0.000000,     0.000000
   25.777536,    84.206397,     6.442559,     3.296711
   21.730582,    82.863279,     8.499787,   -10.264099
    8.260838,    55.889957,     0.000000,     0.000000
   25.951389,    44.166800,     3.698342,   -12.298929
   44.895042,    25.669000,     0.000000,     0.000000
   26.613177,    82.592558,    20.701131,   -19.188138
   57.132836,    15.427252,     0.000000,     0.000000
    3.406928,    44.024768,     0.000000,     0.000000
   42.582204,    46.283477,    -0.053126,     0.006461
   40.387449,    31.628673,     0.000000,     0.000000
   97.681957,    48.611536,     0.000000,     0.000000
   69.567898,    69.284525,     0.000000,     0.000000
    1.489393,    81.269088,     0.000000,     0.000000
   13.862182,    39.824277,     1.708219,     0.946951
    5.630949,    30.021725,     0.000000,     0.000000
   87.015662,    57.877614,    14.388328,    -0.721070
   68.170393,    72.808839,     0.000000,     0.000000
   58.613131,    15.134560,     0.000000,     0.000000
   79.471426,    35.107144,     9.753932,     1.808582
   12.488232,    16.878590,     0.000000,     0.000000
   84.707791,    55.089883,    -3.430953,    -0.500467
   83.664601,    72.609205,     0.000000,     0.000000
   74.907103,    23.589849,     0.000000,     0.000000
   79.978623,    24.039336,    -9.115557,    -6.199616
   53.999739,    97.482393,    -2.470677,     1.938138
   66.882982,    99.363566,     0.000000,     0.000000
   67.047494,     5.814210,    -4.496733,    -2.356457
   41.649822,    25.837185,     0.000000,     0.000000
   36.216438,    22.369049,     0.000000,     0.000000
   64.389978,    38.271298,    -1.677698,    10.935654
   48.940126,    82.254167,    -0.447123,    -0.210484
   46.799918,     5.423553,     0.000000,     0.000000
   76.209479,    86.528195,     0.000000,     0.000000
   79.274077,    12.406310,     6.236139,    11.900176
   26.501620,    43.324493,     4.700219,     3.512809
   92.957667,    17.601021,    -1.764684,     2.586839
   46.154255,    12.789662,     0.000000,     0.000000
   74.604701,    27.833371,   -24.717171,     8.389075
   90.975957,    61.710463,     0.000000,     0.000000
   69.792790,    66.702666,     0.000000,     0.000000
   21.346497,    91.061320,    -4.609552,     4.554098
   85.640501,    75.614258,     0.000000,     0.000000
   74.695272,    63.357181,     0.000000,     0.000000
   30.810193,    22.877812,     0.000000,     0.000000
   64.957743,    49.397454,    -5.579825,     2.299878
   62.252690,    61.887017,     0.000000,     0.000000
   96.789788,    98.778218,     0.000000,     0.000000
   99.033691,    56.359574,     0.000000,     0.000000
   34.462645,    37.717522,     0.000000,     0.000000
   93.530226,    27.853512,    -7.495437,    -0.921521
   34.568261,    74.797083,     0.000000,     0.000000
   93.163409,    57.403755,     0.000000,     0.000000
   48.299603,    43.076620,    -5.007489,    -2.450522
   55.078596,    63.148789,     2.696224,    -5.358566
   17.590554,    69.112622,    -0.628503,     0.125054
   38.421416,    17.868661,     0.000000,     0.000000
   18.346842,    28.033545,     0.000000,     0.000000
   36.328968,    44.635486,     0.000000,     0.000000
   70.177969,    49.321699,     5.621881,     1.725829
   43.690271,    54.538895,    -4.778095,     8.047138
   55.346262,    70.089309,    10.550079,    -0.192698
   32.308934,    30.589982,     0.000000,     0.000000
   27.619111,    21.317515,     0.000000,     0.000000
   20.792203,    20.036143,     0.000000,     0.000000
   42.115317,    42.222419,    -0.220425,    -1.815339
   97.950988,    69.373880,     0.000000,     0.000000
   54.777947,    14.914990,     0.000000,     0.000000
   13.822309,    15.230385,     0.000000,     0.000000
   80.669425,    66.583894,     0.000000,     0.000000
   84.809089,    59.444655,    -6.713138,    12.033237
   71.194251,    77.720101,     0.000000,     0.000000
   56.390704,    80.759300,     8.524809,     5.045370
   66.720246,    76.770056,     0.000000,     0.000000
   90.173187,    87.774561,     0.000000,     0.000000
   98.125163,    16.033591,    -3.981500,     2.997977
   12.327606,    34.117049,     0.000000,     0.000000
   86.800091,    64.864272,     0.000000,     0.000000
   63.604439,    14.030196,     0.000000,     0.000000
   16.365497,    41.419897,    -5.592891,   -19.945605
   31.066360,    50.592179,     5.138492,    -4.368394
    3.102330,    27.309506,     0.000000,     0.000000
   24.126629,    43.613653,     3.517853,     0.423865
   30.809693,    47.615188,    -2.083150,   -10.716467
   81.155109,    50.978595,     0.000000,     0.000000
   57.798131,    96.215619,     2.244785,     2.954827
   82.075948,    56.331350,    -7.106281,     2.753693
   29.359032,    19.773252,     0.000000,     0.000000
   16.890963,    20.910772,     0.000000,     0.000000
   33.761487,    25.625025,     0.000000,     0.000000
   18.495592,    95.045950,   -11.447256,    -9.017452
   56.734578,    80.780226,     3.028674,     5.802496
   55.839119,    27.998213,    -0.004241,    -0.005993
    3.139869,    50.198123,     0.000000,     0.000000
   15.695434,    40.497163,    -9.180713,     0.380167
   17.880603,    57.098291,    -0.237273,    -0.581188
   61.807163,     9.441597,     0.000000,     0.000000
   41.222807,    73.963211,     0.000000,     0.000000
   90.251300,    86.424054,     0.000000,     0.000000
   66.209177,    31.982833,   -25.422541,     1.189303
   20.617943,    77.445698,     4.569530,     8.551175
   93.758979,    64.546441,     0.000000,     0.000000
   14.411824,     9.464066,     0.000000,     0.000000
