x-position, y-position, x-velocity, y-velocity
   99.758399,    37.756936,     0.000000,     0.000000
   58.032703,    14.862250,     2.985319,   -12.386338
   96.622474,    71.780644,    -0.230093,    -0.116291
   79.929108,    80.024411,     1.707125,     3.152260
   66.134824,    90.454214,     6.072104,    -1.090441
   24.556477,    91.553181,    -7.727299,     2.436616
   10.053843,    84.537625,     4.683304,    -5.883996
    2.858318,    43.630033,     2.031334,     4.637739
   36.181273,    62.488377,     3.315351,     3.276981
   31.898806,     9.641133,    -1.541437,    -7.231800
    3.134826,    80.865549,     5.205281,    -3.123319
   14.773617,    20.045399,    -6.297961,    -0.755090
   90.151927,    84.134620,     0.000000,     0.000000
   29.203068,    42.693431,     0.314672,    13.782491
   60.000787,    87.865997,     7.293006,     5.992305
   65.921498,    55.633992,    -2.197807,    -4.679096
    3.053573,    29.114462,     0.677427,     1.280888
   38.869888,    38.855555,    -2.523981,     4.402527
   67.136854,    74.055446,     1.740171,     5.554402
   41.617265,    44.455806,     1.070327,    -0.343748
   71.893276,    59.863334,    -2.557607,    -0.123713
   55.178762,    80.821452,     0.979763,     3.869046
   69.629362,    40.435094,     2.868627,    -4.798863
   95.090506,    15.689088,     0.864427,    -2.075889
   85.184975,    35.342509,     9.340099,    -6.229001
   72.215165,    59.571296,     5.325740,     0.564531
   47.957976,    12.996509,    -0.486266,     0.178853
   33.464940,    95.088787,    -1.123660,     0.663125
   10.325613,    23.764476,     2.232067,    -6.565763
   79.551489,    73.596460,     4.242929,    -3.022798
   72.434922,    23.933785,     1.854880,    -4.158910
   78.803031,    88.544492,     4.669555,     0.099965
   97.815979,    67.596539,     0.270223,     5.402938
   70.314218,    84.990217,     6.166619,     7.002553
    7.656036,    81.682564,    -5.438428,    -7.375786
   67.128529,    71.633421,     0.411870,     6.017618
   97.956767,    23.473618,     3.201005,     0.996612
   94.302619,    15.416973,    -2.858336,    -2.689813
   13.088181,    69.482560,     2.602202,   -11.922705
   60.478986,    72.173347,    -2.177820,     2.400174
   60.521174,    70.759334,    -4.404659,    -2.837272
   60.058467,     4.922246,    -1.766938,     0.656069
   97.798250,    79.998144,     0.000000,     0.000000
   72.034723,    24.572626,    -4.546862,    -1.446902
   66.707819,     5.670475,     0.312569,     8.311372
   76.621665,    80.150905,     4.946646,     1.217227
   40.843071,     3.949921,     0.000000,     0.000000
   91.376982,    71.747622,    -4.912885,     4.475962
   24.074367,    38.955514,    -6.710916,   -13.314530
   64.384348,    83.547604,    -2.427655,    -0.213111
   79.747390,    77.599454,     0.849055,     6.833514
   35.902928,    44.821302,     6.093973,   -10.356331
    3.400157,    72.913009,     1.876779,    -0.997965
   70.057867,    91.754332,     6.145863,    -2.850301
   70.326037,     3.593234,    -2.776226,    -5.398865
   80.304072,    54.510370,   -11.324915,     6.363347
   73.534786,    98.826230,    -3.415083,     1.315676
   61.799983,    91.907673,     1.927593,    -2.638925
   37.218935,    16.056980,    -0.520763,    -0.790529
   64.132943,    76.462897,    -3.477007,     4.140771
   42.999162,    63.573407,    -2.501063,     8.859714
   99.794009,     3.479114,     0.000000,     0.000000
   99.049080,    91.757229,     0.000000,     0.000000
   73.662324,    70.619805,     0.079224,    -0.778741
   95.422147,    75.919022,     0.000000,     0.000000
   16.065908,    89.667243,     3.838959,    -4.118346
   69.401147,    11.782971,    -3.462859,   -11.940936
   78.725594,    53.250167,    -3.149275,    -2.814689
   95.844327,    55.647622,    -8.385203,     9.875204
   66.497410,    56.166660,     4.246345,     0.879758
   86.062887,    74.785614,     4.788369,    -1.789551
   46.045529,    59.640103,    -4.706362,     7.844099
   12.859289,    45.779199,   -14.778476,   -11.076145
   48.958876,    65.141768,    -8.217094,     2.027223
   32.609530,    67.529203,    14.402940,     2.124979
    2.482145,     6.969399,   -12.133515,    13.606592
   50.674125,     4.635051,   -13.476593,   -11.598692
   60.929647,    83.610676,     3.893669,     5.790989
   88.673113,    78.315697,     3.677506,     2.825676
   18.161821,    29.183219,    -6.548109,    -6.244232
   67.396712,    58.615006,    -0.099857,    -0.075803
   74.630646,    53.862993,     0.158788,     0.892683
   36.010528,    49.122825,     5.765168,     7.946816
   15.458973,    69.650722,     4.775695,     2.347848
    3.383972,    17.428260,    -0.795673,    -6.238573
   17.994175,    12.246381,     1.911513,     0.204981
   56.205854,     6.317611,     1.842659,    -4.077833
   37.368096,    95.043215,     3.837191,    -7.969262
    2.334719,    68.493791,    -0.148953,    -4.145448
   82.469201,    77.869361,     3.766611,     2.570445
   31.508425,    21.909928,    -7.553508,   -10.059770
   83.556522,    49.660645,    -1.520946,    -4.448343
   82.528762,    15.680311,    -3.487446,    -0.574570
   16.274589,    45.046787,     2.489572,    -7.472582
   36.273225,    94.634611,     1.446996,    -0.444382
   65.801184,    96.283308,    -1.716599,    -3.704771
    8.691397,    12.844389,     2.201130,    -2.780714
   27.599561,    94.118160,    11.317790,    -8.186802
   45.503334,    94.606678,    -3.368998,    -7.764947
   25.602155,    83.427789,    -6.846312,    -9.060258
    9.050543,    58.730281,     1.845953,     3.961786
   19.998776,    15.207806,     2.641372,    -2.488547
   13.808012,     9.999671,    -5.694189,     1.775220
   29.159768,    79.151213,   -10.643044,    18.027951
   54.810928,    13.391159,    -1.909888,     3.580742
    3.545860,    45.184575,     6.037206,     1.940960
   37.759133,    54.314807,    -4.878077,     6.472274
   30.314719,    17.578270,   -11.071680,    -7.051799
   93.267238,    53.715658,    -7.743665,     5.228419
   78.575568,    69.146058,    -4.642698,     5.002081
    3.453090,    75.645254,    -2.814887,    -2.249970
    5.187224,    56.744523,    -4.287188,     1.997570
    7.994130,    23.802138,     0.899144,    -3.276597
   81.596090,    51.428129,     0.562842,     2.299699
   70.155372,    73.075573,     4.735642,     6.009773
   58.695430,    12.762840,    -5.641111,    -5.786972
   68.224265,    45.042028,    -9.191022,    -3.973677
   10.395865,    10.689577,    -5.807473,    -4.980599
   83.860457,    62.650227,     3.280582,    10.037295
   86.378081,    75.968827,     0.102763,     2.247394
   59.421757,    15.918507,    -4.208371,    -1.541400
   62.166744,    12.721342,     0.673119,     1.218031
   47.515835,    92.660716,     7.854362,    -2.185562
   71.942225,    95.361411,     3.810263,    -0.886083
   59.138296,     8.178715,    -0.725954,     4.832931
   49.512635,     4.827444,    -3.806471,   -12.591929
   29.146047,    15.862083,     2.846021,    -4.705583
   40.343909,    51.476567,    -5.039927,    -5.548874
   49.434038,    76.776625,     0.797264,    -3.152520
   46.383405,     3.159478,    -1.813296,    -6.178894
   77.292759,    85.134778,     0.053708,    -2.508775
   86.758596,    42.471938,   -13.361507,    -2.949782
   24.417241,    55.877785,    -5.351393,     3.344175
   91.118334,    15.846360,    -1.636774,    -2.097164
   49.511523,     5.038902,     1.211156,    -2.599998
   48.022021,     6.655304,     9.215302,    -0.921010
   91.036356,    70.136509,     1.067103,     3.499862
   71.879045,    64.537715,     2.394598,    -1.619967
   10.385463,    93.940291,    -1.362813,    -0.597839
   85.102937,    79.138523,    -0.091395,     2.959423
   72.646352,    60.412263,     1.704908,    -1.048184
   30.472045,     4.529581,     5.742765,   -14.882435
   66.972754,    70.349134,    -2.165288,     6.629552
   63.060097,    58.171633,    -1.634485,    -3.412099
   96.789788,    98.778218,     0.000000,     0.000000
   92.120236,    51.234547,    -2.025928,     2.189031
   62.071709,    20.020188,    10.588240,     2.144716
   91.439499,    25.174225,    -1.939758,     0.499709
   32.083028,    89.372602,    -1.866690,     4.623328
   93.805053,    67.586585,    -0.664200,    -0.634544
   45.333728,    36.976651,     1.697258,    -2.096776
   49.981533,    62.363458,     2.159079,    -1.828333
   21.546468,    74.029231,     1.827470,     1.853662
   44.052310,    12.407878,     0.890240,     0.931999
   12.605531,    42.370552,    -0.071394,     0.635559
   18.256175,    22.189239,   -11.340938,    -5.416793
   80.998277,    65.377608,     9.828368,     1.279073
   26.779179,    81.096894,     3.694430,     8.399407
   76.055762,    78.728047,    -0.851833,     3.808492
   24.881114,    36.615427,    -2.472051,    -0.071688
   23.368181,    15.474746,    -4.820469,    -7.830807
   18.652594,     6.404166,    -7.705961,    -7.690301
   48.291570,    46.632549,     4.027486,     4.201294
   97.892554,    69.378234,    -0.032560,     0.130858
   58.681596,    13.990233,    -0.937375,     0.710268
    7.728903,    14.939239,    -3.842895,     1.598512
   80.749089,    71.892796,    -1.404673,     5.384295
   90.383394,    69.445913,    -1.255184,     0.936801
   71.637008,    81.571541,    -3.114579,    -3.848181
   78.216631,    98.111398,     7.367948,    -1.732553
   68.605812,    74.630843,     0.140120,    -5.015306
   90.173187,    87.774561,     0.000000,     0.000000
   76.639076,     2.930839,    -7.152663,     7.436308
    4.646609,    33.922259,     0.138204,     1.274789
   86.331086,    68.316251,     1.666816,    -2.086987
   66.299761,     9.674294,     0.021289,     8.926962
    3.672232,    20.331797,     4.032495,    -0.022444
   26.857299,    40.629907,     5.273305,     3.934534
    2.322992,    24.622949,    -1.644850,    -2.515646
   33.301519,    47.405867,    -1.711454,     2.693385
   18.998497,    23.783942,    -5.923496,     1.285830
   80.116753,    53.831612,    -5.756211,     2.666600
   48.840902,    93.002423,    -2.645445,    -0.732362
   66.885818,    61.927754,    -6.362046,    11.340502
   27.120622,    16.360743,     0.079540,    -7.697989
   22.128723,     4.074028,     2.660211,   -14.586720
   44.578558,    24.274016,     5.896340,    -0.766934
    8.803940,    83.520779,    -0.786938,    -6.360178
   68.434912,    92.265546,     0.659329,    -1.160586
   26.653944,    26.623450,    -2.720784,     2.951872
    3.139869,    50.198123,     0.000000,     0.000000
    9.770206,    41.707355,     4.056102,     3.036817
   17.815710,    59.921231,     0.523505,     4.216074
   63.826239,     8.845632,     2.485407,    -2.039765
   41.222807,    73.963211,     0.000000,     0.000000
   90.251300,    86.424054,     0.000000,     0.000000
   34.441971,    29.471387,    -0.519899,     1.383573
   30.955229,    92.833802,     0.151393,     0.635098
   94.347572,    62.942574,    -1.997994,    -2.228197
   12.970349,     8.518108,     0.887254,    -4.486500
