x-position, y-position, x-velocity, y-velocity
   99.758399,    37.756936,     0.000000,     0.000000
   71.531664,    24.216068,     1.847597,    -5.721025
   92.450016,    78.162143,    -4.697619,    -8.652022
   81.647708,    88.893302,    -3.067223,    -6.467025
   73.790896,    96.701981,    -2.372827,     3.400116
   41.837940,    91.452331,     2.362202,    -3.113713
   33.714781,    32.716868,     3.333804,    -8.701204
   22.880847,    47.562075,     1.331958,    -4.508294
   36.435622,    75.963102,    -1.159827,     3.053937
   61.960658,     3.136193,     6.785448,    -2.305556
   19.000839,    82.474516,     3.450931,     5.567725
   10.641147,    18.816732,     6.849700,     4.632711
   84.947001,    95.414035,    -7.166572,    -1.483784
   56.206547,    90.340201,     1.416571,     7.566851
   68.262762,    90.483920,    -1.616399,     0.534358
   52.954435,    28.027323,    -2.197807,    -4.679096
    9.385152,    39.103870,     3.208988,     7.859822
   38.972395,    67.748324,     0.746865,     4.530288
   65.305669,    99.284646,    -0.952455,   -12.846548
   36.480128,    46.260840,    10.756505,    16.489907
   80.877102,    60.589194,    10.084785,     2.126617
   58.788154,    87.202273,     6.476751,    -8.117821
   84.975994,    18.841172,     1.263724,     2.591230
   98.033711,     5.103886,    -1.405915,    11.744587
   87.588850,     1.920072,   -18.931744,     0.935147
   55.359217,    76.468166,     2.527439,    -1.467438
   28.721264,    11.509358,     3.016444,     4.731509
   48.001662,    94.206944,    -1.697570,    -1.191711
   11.580839,     1.982097,     6.954607,     2.849167
   91.492545,    78.721575,     1.346065,     3.512887
   89.751998,     2.304276,     6.204853,    -0.606576
   86.438971,    90.032034,    -4.771152,    -2.086726
   93.912845,    76.987421,     2.849872,    -2.390397
   76.620662,    92.986337,    -3.247101,    -1.523938
   17.607726,    69.432831,    12.813670,    -0.262897
   78.496088,    89.444333,     6.287089,    -3.137294
   77.901628,    35.655041,    -1.479390,     4.455578
   94.385163,     3.095150,    -3.277094,    -3.551241
   36.441059,    62.389873,     2.315973,    -1.176196
   64.854484,    89.346361,     0.985250,    -3.459336
   45.442828,    46.687903,    -0.264906,    -5.619407
   87.225305,    11.945726,     4.752610,     2.751545
   96.805502,    83.161375,    -0.441679,     3.022382
   60.609271,    44.269651,    -1.545604,    -0.223030
   80.617965,     2.378721,    -2.166071,     0.526501
   91.199198,    81.649532,     2.344349,     1.077098
   43.924153,    31.898394,     8.407257,     4.520188
   96.818640,    87.162507,    -2.066471,    -0.847661
   37.575098,    20.443378,     4.306252,    -7.202293
   81.868745,    96.394296,     5.487079,    -1.575958
   80.546901,    92.419075,    -4.900065,     0.177855
   37.369458,    53.501249,     1.242095,     3.408288
   20.467545,    74.434527,     1.860563,    -0.906197
   92.212950,    83.484227,    -1.718908,     0.734672
   57.194557,    22.354892,    -4.938973,     4.155514
   65.635197,    57.294981,    -1.094273,     0.846695
   58.233562,    93.052089,    -1.644115,    -1.894530
   73.887223,    96.614562,     4.901437,    -3.566055
   34.159019,    20.658114,    -2.663513,    -5.577820
   53.779315,    80.709622,     6.166565,    -3.176012
   60.995190,    82.584055,     0.336545,     6.206909
   94.900964,     2.520566,    -2.094833,     1.054071
   96.084752,    94.653834,    -5.093108,     4.463224
   64.049190,    84.935789,     2.124078,     5.792470
   95.831213,    89.908289,    -1.090538,     1.029654
   37.714316,    81.130829,    -0.827658,    -2.376227
   72.069679,    51.085522,    -1.970469,     0.198334
   58.205105,    30.172733,    -0.057146,    -6.911503
   87.598850,    52.834691,     0.819260,    -3.159227
   64.427279,    41.889801,     3.427733,    -5.255792
   59.645989,    74.185830,    -0.186588,     0.697404
   37.345384,    58.203169,    -2.802553,    -0.453376
   14.909057,    51.641508,    -6.605526,    -1.164543
    1.462882,    49.303135,     0.478225,   -19.522912
   50.060703,    68.482267,     2.502301,     4.945257
   18.910175,    13.295121,     3.038126,     5.784453
   10.689220,    24.431517,    -0.899306,     5.706595
   57.561777,    72.522613,    -6.620553,    -8.167430
   97.009923,    93.289156,     4.651690,     2.256405
   16.199585,    14.539600,     8.043802,     5.165571
   71.541393,    90.816669,     6.808307,     2.509293
   74.154949,    61.852289,    -0.488492,     5.184633
   18.000131,    97.481107,    -3.952929,    -9.052069
   24.138854,    62.421794,     4.352579,    -6.422797
   22.988473,    16.545027,     6.230919,    -6.125118
    3.630224,    28.237728,     6.468655,     6.894412
   48.110144,    24.147484,    -0.418658,     6.678298
   50.910461,    81.707481,    -2.031654,     5.801486
   28.462471,    76.746824,     5.546932,     5.993193
   93.566105,    82.810712,     2.882505,     1.755107
   39.158498,     4.897615,    -0.492885,    -4.809096
   71.801290,    27.361059,    -2.150490,     4.631250
   73.219571,    13.055986,    -7.735331,     1.987978
   25.887645,    31.276484,     0.207313,     1.725467
   43.667660,    53.326895,    -2.827618,   -10.154220
   67.212093,    95.566636,     2.302341,    -0.282237
    9.494385,    13.864947,    -2.109211,     5.966451
   47.708003,    75.969274,    -0.117498,     6.305432
   43.327307,    91.899627,     7.542473,     9.414110
    6.862672,    73.325654,    -2.540483,     4.393507
   34.109930,    85.455313,     7.698527,    -3.830310
   37.941016,    45.211407,    -7.349279,     5.840287
   14.050623,    37.414433,     7.276428,     3.116302
   13.236081,    76.118754,     8.038055,     3.407591
   40.553119,    25.651191,    -7.401616,    -5.614871
    8.493714,    40.503745,     0.828272,     5.471286
   31.526956,    88.742226,    -4.887461,    -1.670673
   18.565370,    47.213089,     2.416269,     0.790639
   47.721117,    66.697787,     1.691797,    -2.525103
   80.781375,    84.450715,     0.525919,     1.629907
   15.168897,    63.384970,     7.030601,     0.137736
   24.299041,    51.581568,     9.920771,     6.318411
    8.171557,    37.969661,    -1.171155,     3.945513
   77.429090,    67.333320,    -2.744531,     3.901979
   77.586255,    88.458522,     1.407394,    -4.622215
   38.655867,    52.396241,     5.638717,    15.218208
   38.687457,    35.967958,     1.817526,    -1.985350
   23.856555,    25.912533,    -5.250733,     9.194276
   88.249626,    74.281116,    -2.776772,    -3.943805
   92.257452,    80.406948,    -1.937982,    -2.625440
   69.242283,    43.566834,     7.866438,     0.002163
   67.580819,    47.182070,     1.953614,     3.037730
   61.520816,    87.150919,     4.261733,    -4.457284
   96.551189,    96.470189,    -4.657019,    -4.295036
   59.789204,    22.252377,     4.355079,     2.948920
   42.956595,    15.149151,     0.756701,    -2.128856
   34.356882,     3.806572,     3.331470,    -3.514950
   50.054323,    45.165769,     0.113788,     0.178227
   47.071477,    53.829702,     1.345106,    -4.877411
   60.436643,    14.642275,     1.481655,     2.921997
   88.071668,    95.170052,     5.605045,    -0.114925
   80.285054,    20.167875,     0.784107,    -0.996913
   23.010459,    33.696181,    -4.218977,    -4.196676
   87.086908,     6.504280,     2.278229,    -1.304742
   54.988529,    16.119988,     2.955451,     0.575764
   38.939592,     7.174101,    -3.256228,    -0.967766
   95.144310,    81.500750,     0.933467,     0.508146
   79.662532,    57.045200,    -4.504896,     2.601746
    2.938713,    94.271310,     2.119127,    -1.092038
   91.888785,    92.620660,    -8.108596,     1.932280
   66.811891,    65.840524,    -2.279039,     1.120687
   25.860297,    13.899312,    -3.195793,    -9.634128
   77.425118,    86.846254,    -6.034654,     2.380250
   57.203811,    49.113153,    -3.061737,     5.310228
   95.735628,    95.313525,     1.572866,    -0.493923
   86.064263,    63.040390,     9.482364,     6.867414
   95.741860,     5.999508,    -6.111403,     4.142781
   81.817171,    36.354129,    -3.345453,     4.527763
   35.402179,    92.598882,    -3.290377,     2.190436
   90.370976,    71.223385,    -1.908295,     1.125379
   32.550829,    53.575443,    -7.170781,     7.304848
   51.952119,    68.248869,    -2.851424,     4.620923
    7.696883,    93.642780,    -6.812005,    -6.758054
   43.181800,    30.149266,     0.961030,    -3.053945
   21.704691,    37.724023,    -2.776597,    -1.002435
   18.346886,    15.589206,     5.677171,     1.384040
   88.722748,    74.715408,    -2.589957,    -1.809057
   34.693243,    87.782219,    -0.711263,    10.932300
   68.222041,    92.767209,     2.110338,    -2.938450
    1.863187,    25.102377,     1.574775,    -7.295965
   10.615499,    39.094802,    -2.002434,     0.647930
   21.779668,     2.681915,    10.316399,     1.738920
   64.822128,    46.659644,    -7.939230,    -0.326279
   97.586140,    78.211363,    -2.691279,    -3.540440
   54.319041,    35.190261,    15.258228,     7.951801
   34.374069,    10.732377,     6.086539,     7.328536
   88.221908,    87.594660,     0.158942,    -3.583241
   90.507949,    49.335902,    -1.623909,    -3.153052
   40.609504,    88.026146,     1.732113,    -4.700241
   87.952046,    97.643685,    -4.757081,     5.030031
   61.165911,    65.070293,    -0.711947,    -5.307775
   91.637814,    88.231759,     1.079230,     2.525597
   73.510177,    41.807670,     3.788304,     6.131803
    8.535482,     8.739699,     1.140234,     3.518167
   83.462347,    37.029874,    -0.278594,    -9.924896
   71.127929,    16.970408,     2.447536,     4.467007
   12.033345,     8.172899,     7.004950,     7.571461
   35.082533,    31.638968,    -1.669457,    -1.896005
   18.575779,    40.369536,     4.976189,    -0.698304
   43.653282,    65.067750,    -3.759234,    -7.577039
   11.538072,    71.223991,     2.912989,     4.931927
   79.878712,    49.247648,     3.559938,    -5.271569
   35.332708,    72.668343,    -7.748111,    -3.640922
   49.347370,    46.401538,    -0.139918,    11.972986
   26.220081,    15.734307,     0.638896,     5.285671
   19.293978,    24.679217,    -2.211840,     0.663772
   48.406616,    23.542478,     8.221615,    -2.642496
   21.795702,    86.840374,     3.099707,    -8.075036
   73.394729,    95.531532,    -6.484425,    -5.266325
   39.348927,    30.509445,    11.096013,     4.875118
   17.502606,    49.524547,    -3.423976,    12.103588
    4.235532,    36.686475,    -4.652758,    -2.542641
   24.285271,    58.508177,     1.202188,    -2.144585
   75.427769,     2.630763,     2.064079,    -1.080044
   50.642503,    77.391633,    -1.019361,    -7.608901
   82.704242,    97.299477,    -6.274692,    -4.653687
   16.671783,    32.298650,    -7.131047,     1.182876
   38.648583,    80.913196,    -0.457179,   -13.890728
   91.140995,    66.017733,    -0.588547,     1.192918
   46.787017,    22.525540,     1.479752,     8.989293
