x-position, y-position, x-velocity, y-velocity
   99.758399,    37.756936,     0.000000,     0.000000
   70.977385,    25.932376,     1.847597,    -5.721025
   93.071527,    78.558530,    -1.940007,     2.534935
   82.809411,    90.457066,    -5.215018,    -8.385084
   75.605545,    96.715305,    -6.416346,     0.302116
   39.499733,    91.167724,    10.391193,    -0.895075
   32.397035,    34.959457,     4.562780,    -7.278104
   22.481259,    48.914564,     1.331958,    -4.508294
   36.783570,    75.046921,    -1.159827,     3.053937
   59.925023,     3.827860,     6.785448,    -2.305556
   17.965560,    80.804199,     3.450931,     5.567725
    8.586237,    17.426919,     6.849700,     4.632711
   86.737609,    93.918735,    -5.968692,     4.984336
   55.009528,    88.647218,     3.990063,     5.643279
   68.077814,    90.775712,    -0.199379,     1.038098
   53.613777,    29.431051,    -2.197807,    -4.679096
    9.992382,    37.702962,    -3.837633,     3.000247
   38.748335,    66.389237,     0.746865,     4.530288
   65.591405,    95.430681,    -0.952455,    12.846548
   34.610560,    45.330094,     9.574134,     4.210720
   77.851666,    59.951209,    10.084785,     2.126617
   56.254288,    88.744381,     9.186884,    -7.717010
   84.596877,    18.063803,     1.263724,     2.591230
   98.890766,     3.228698,    -2.910302,    10.893415
   93.186811,     2.288674,   -18.116120,    -3.686016
   54.600985,    76.908397,     2.527439,    -1.467438
   30.702773,    13.545208,    -6.605029,    -6.786169
   48.510933,    94.564457,    -1.697570,    -1.191711
    9.494456,     2.836847,     6.954607,    -2.849167
   91.121033,    79.398150,    -2.344297,    -6.360837
   87.972105,     2.948365,     5.389229,    -5.227739
   87.870317,    90.658052,    -4.771152,    -2.086726
   94.759006,    77.538881,    -5.042023,     1.416639
   77.590556,    93.409795,    -3.243341,    -1.516480
   13.763625,    69.511700,    12.813670,    -0.262897
   78.374182,    90.391387,     2.935841,    -2.168092
   78.366486,    34.200517,    -1.549527,     4.848411
   94.790127,     2.876578,    -1.301045,     2.291010
   35.746267,    62.742731,     2.315973,    -1.176196
   64.517631,    89.787088,     1.414808,    -1.415343
   45.522300,    48.373725,    -0.264906,    -5.619407
   85.799522,    11.120263,     4.752610,     2.751545
   96.519300,    82.787733,    -0.937825,     2.376452
   61.072952,    44.336559,    -1.545604,    -0.223030
   81.267786,     2.220770,    -2.166071,     0.526501
   90.726595,    81.282473,     2.702989,     0.063171
   42.173382,    30.702158,     7.352671,     2.635769
   97.438581,    87.416806,    -2.066471,    -0.847661
   36.283222,    22.604066,     4.306252,    -7.202293
   81.790776,    97.041735,     2.273681,     5.373753
   81.330738,    92.934436,    -3.330589,    -0.796070
   34.772490,    50.879835,     9.738044,     9.515452
   19.909376,    74.706386,     1.860563,    -0.906197
   91.798789,    83.459010,     0.614583,    -0.024986
   58.676249,    21.108238,    -4.938973,     4.155514
   65.963479,    57.040973,    -1.094273,     0.846695
   59.498845,    93.043376,    -4.217608,     0.029041
   72.820540,    98.036046,     2.267832,    -8.382232
   34.958073,    22.331460,    -2.663513,    -5.577820
   51.929346,    81.662426,     6.166565,    -3.176012
   60.410893,    81.349647,     1.947658,     4.114692
   96.720495,     1.662951,    -7.135466,     4.338505
   95.874780,    95.001269,     4.703587,    -1.423406
   65.140929,    83.992158,    -3.639131,     3.145436
   96.758468,    89.390176,    -3.090851,     1.727045
   36.971390,    82.556150,     3.139272,    -3.788473
   72.660820,    51.026022,    -1.970469,     0.198334
   58.222249,    32.246184,    -0.057146,    -6.911503
   87.353072,    53.782459,     0.819260,    -3.159227
   63.398959,    43.466539,     3.427733,    -5.255792
   59.701965,    73.976609,    -0.186588,     0.697404
   38.186150,    58.339182,    -2.802553,    -0.453376
   14.559185,    49.134448,     1.166239,     8.356866
    1.319415,    55.160009,     0.478225,   -19.522912
   49.329693,    67.200967,     2.420837,     4.107963
   17.757573,    11.323464,     3.492406,     7.043164
   10.959012,    22.719539,    -0.899306,     5.706595
   59.547943,    74.972842,    -6.620553,    -8.167430
   96.877372,    91.712000,    -0.530936,     6.773811
   13.672854,    13.523092,     8.052376,     3.088217
   70.216587,    90.760530,    -0.368551,    -4.457194
   74.301497,    60.296899,    -0.488492,     5.184633
   19.186009,    96.575901,    -3.952929,     9.052069
   23.728926,    64.382149,     1.366425,    -6.534516
   20.857308,    16.108740,     6.359347,     0.536324
    1.689628,    26.169405,     6.468655,     6.894412
   47.369835,    23.264872,     0.160102,     2.055425
   51.519957,    79.967035,    -2.031654,     5.801486
   26.798392,    74.948866,     5.546932,     5.993193
   92.982942,    82.249993,     4.848650,     1.646207
   39.306363,     6.340343,    -0.492885,    -4.809096
   72.446437,    25.971684,    -2.150490,     4.631250
   75.540170,    12.459592,    -7.735331,     1.987978
   26.554305,    31.201152,    -1.061506,     2.338498
   44.515946,    56.373161,    -2.827618,   -10.154220
   66.521391,    95.651307,     2.302341,    -0.282237
   10.127149,    12.075012,    -2.109211,     5.966451
   46.156346,    77.351628,     5.172189,    -4.607844
   42.694112,    90.294115,    -0.486518,     7.195472
    7.624817,    72.007602,    -2.540483,     4.393507
   32.537082,    84.816326,     6.838460,     3.155313
   38.788416,    39.443095,    -6.166908,    18.119474
   11.867694,    36.479542,     7.276428,     3.116302
   10.824665,    75.096476,     8.038055,     3.407591
   42.773604,    27.335653,    -7.401616,    -5.614871
    7.275364,    39.011867,     4.555029,     4.384487
   31.431278,    87.309824,     2.922120,     7.997345
   18.719354,    46.229105,    -6.372383,     8.258563
   47.213578,    67.455317,     1.691797,    -2.525103
   80.623600,    83.961743,     0.525919,     1.629907
   13.059716,    63.343649,     7.030601,     0.137736
   21.322810,    49.686045,     9.920771,     6.318411
    8.170426,    37.289501,     0.139093,     3.720804
   78.252449,    66.162726,    -2.744531,     3.901979
   78.791677,    89.799118,    -5.002260,    -3.626896
   39.188591,    49.429706,    -2.857232,     9.111044
   38.142199,    36.563563,     1.817526,    -1.985350
   25.431775,    23.154250,    -5.250733,     9.194276
   88.648918,    75.163343,    -1.330973,    -2.940758
   92.578818,    81.478670,     1.108879,    -5.559888
   66.882351,    43.566185,     7.866438,     0.002163
   66.994735,    46.270750,     1.953614,     3.037730
   59.746107,    87.718741,     5.175032,     0.683906
   97.576901,    97.500964,    -4.309845,    -3.770737
   58.482680,    21.367701,     4.355079,     2.948920
   42.729584,    15.787808,     0.756701,    -2.128856
   33.357440,     4.861057,     3.331470,    -3.514950
   50.552841,    44.801101,    -5.212761,     3.290227
   46.667946,    55.292925,     1.345106,    -4.877411
   59.992147,    13.765675,     1.481655,     2.921997
   87.002654,    94.376580,    -0.519948,     8.164570
   80.049822,    20.466949,     0.784107,    -0.996913
   23.547298,    34.512876,    -2.950158,    -4.809707
   86.403439,     6.895703,     2.278229,    -1.304742
   54.101893,    15.947258,     2.955451,     0.575764
   39.916461,     7.464431,    -3.256228,    -0.967766
   95.077537,    80.860507,     2.340308,     1.477432
   81.014001,    56.264676,    -4.504896,     2.601746
    2.302975,    94.598921,     2.119127,    -1.092038
   94.321364,    92.040976,    -8.108596,     1.932280
   67.495602,    65.504318,    -2.279039,     1.120687
   24.087045,    12.464368,     6.906932,     5.774787
   76.292534,    86.013731,     4.300806,     3.300256
   58.122332,    47.520084,    -3.061737,     5.310228
   95.510016,    95.142488,    -1.388064,    -0.346390
   83.219554,    60.980166,     9.482364,     6.867414
   96.527084,     4.933823,    -1.542432,    -4.132731
   81.547787,    35.693565,     0.721039,     3.844809
   36.389292,    91.941752,    -3.290377,     2.190436
   91.884255,    71.426013,    -5.044265,    -0.675425
   34.702064,    51.383988,    -7.170781,     7.304848
   52.787866,    66.660315,    -2.769960,     5.458217
    9.740484,    95.670197,    -6.812005,    -6.758054
   41.873896,    28.264515,     2.842910,     7.634190
   22.537670,    38.024753,    -2.776597,    -1.002435
   16.998488,    14.877152,     5.214317,     2.202682
   88.992684,    75.018798,    -0.899786,    -1.011300
   35.731828,    88.224213,    -7.660777,    -5.721341
   67.423799,    93.337896,     7.969282,     0.677552
    2.335619,    27.291166,    -1.574775,    -7.295965
   10.968649,    37.290382,     0.007181,     6.819013
   18.684749,     2.160239,    10.316399,     1.738920
   67.203898,    46.757527,    -7.939230,    -0.326279
   97.834387,    79.461503,     2.482465,    -4.167132
   49.741572,    32.804721,    15.258228,     7.951801
   32.548107,     8.533816,     6.086539,     7.328536
   88.174225,    88.669632,     0.158942,    -3.583241
   90.995121,    50.281817,    -1.623909,    -3.153052
   40.089870,    89.436219,     1.732113,    -4.700241
   88.766671,    96.962625,     1.367912,    -3.249465
   61.379495,    66.662626,    -0.711947,    -5.307775
   91.314045,    87.474079,     1.079230,     2.525597
   72.373685,    39.968129,     3.788304,     6.131803
    8.193412,     7.684249,     1.140234,     3.518167
   84.797904,    39.427427,    -4.274949,    -9.634774
   70.393668,    15.630306,     2.447536,     4.467007
    9.931860,     5.901460,     7.004950,     7.571461
   35.900975,    32.575541,    -2.898433,    -3.319105
   17.082923,    40.579027,     4.976189,    -0.698304
   44.781053,    67.340862,    -3.759234,    -7.577039
   10.664175,    69.744413,     2.912989,     4.931927
   78.810731,    50.829119,     3.559938,    -5.271569
   37.657141,    73.760619,    -7.748111,    -3.640922
   48.856690,    43.120842,     5.186631,     8.860985
   26.135850,    17.292307,     0.029216,    -5.267009
   19.957530,    24.480086,    -2.211840,     0.663772
   47.917944,    23.406279,    -1.628318,     2.346469
   20.865790,    89.262885,     3.099707,    -8.075036
   73.833507,    95.726404,     0.192698,     2.647851
   36.268311,    31.688025,    10.268718,    -3.928598
   19.982463,    49.496686,    -2.407089,    -4.885746
    5.631360,    37.449267,    -4.652758,    -2.542641
   23.028768,    59.118037,     4.188342,    -2.032867
   74.808545,     2.954776,     2.064079,    -1.080044
   52.535217,    76.400320,    -6.309048,     3.304376
   83.377859,    98.022229,    -4.259174,    -5.875824
   18.811097,    31.943787,    -7.131047,     1.182876
   39.776959,    84.367961,    -4.424109,   -12.478482
   91.317559,    65.659857,    -0.588547,     1.192918
   45.231184,    19.636822,    10.750926,     8.623199
