x-position, y-position, x-velocity, y-velocity
   99.758399,    37.756936,     0.000000,     0.000000
   58.449085,    11.309752,     0.325833,     2.406583
   95.892167,    71.605022,    -1.528203,    -0.020134
   82.400352,    82.721874,     1.814946,    -1.060969
   71.392897,    88.140634,     3.648860,    -1.853125
   16.056448,    94.233459,    -7.727299,     2.436616
   14.582229,    76.251152,     3.125182,   -10.419190
    4.397902,    49.460283,    -0.569424,     9.563262
   40.174445,    65.892438,     3.177864,    -2.670904
   35.413810,     6.799353,     1.675751,     3.301958
    2.961095,    77.859739,    -3.981722,    -0.727344
    9.419289,    13.538529,     2.782814,   -12.470287
   90.587109,    84.217257,     0.143651,     0.794091
   27.630535,    56.707496,    -2.930147,    13.413615
   63.580021,    91.751495,    -0.256450,     0.599325
   63.503910,    50.486986,    -2.197807,    -4.679096
    3.427972,    29.755132,    -4.586072,    -1.128342
   35.147797,    43.065112,    -3.819922,     0.848512
   66.980942,    78.612546,    -2.034616,     1.735221
   42.357502,    43.650142,     3.490643,    -0.749432
   70.229835,    59.743903,    -4.326958,    -1.444290
   56.256502,    85.077403,     0.979763,     3.869046
   71.203700,    35.522181,   -12.942888,    -1.140502
   96.041376,    13.405610,     0.864427,    -2.075889
   95.459084,    28.490608,    -3.781893,    -4.946424
   72.403628,    60.465129,    -4.354609,     3.560189
   47.419804,    13.462199,    -0.495244,     0.915105
   39.772606,    93.012536,     8.182095,    -1.512507
    9.403872,    17.412193,    -0.173187,   -10.535484
   85.248791,    71.747719,     2.029389,     8.878322
   74.469428,    18.668166,     2.317474,    -8.348979
   83.939542,    88.654454,     4.669555,     0.099965
   95.690134,    72.107861,    -0.254403,     3.617984
   76.636946,    91.582251,     0.934807,     1.235148
    5.955705,    73.177775,     5.486343,    -9.491162
   67.784672,    75.315101,     4.287954,     0.854423
   95.075863,    24.569892,     9.920987,    -0.285965
   91.289730,    12.815973,    -2.521740,    -1.772454
   19.141445,    64.255572,     7.920271,     1.223941
   58.197118,    75.092216,     0.352523,     8.600135
   55.676049,    67.638334,    -4.404659,    -2.837272
   59.654974,     4.591953,     2.328196,    -1.027437
   97.798250,    79.998144,     0.000000,     0.000000
   69.044511,    25.643995,    -1.893210,     5.068675
   69.640795,     3.590198,     4.120422,    -2.395718
   77.707062,    81.681402,    -0.040461,    -1.614959
   39.869800,    10.920299,     6.296926,    18.237549
   88.918381,    77.146672,     2.360352,     5.965480
   24.911501,    34.266931,     1.508226,    -3.357130
   68.659574,    85.487621,    10.755751,     2.299273
   80.995982,    83.252146,     1.737151,     5.028288
   44.049395,    35.159270,     6.725219,    -9.664319
    3.813167,    69.938731,    -0.022773,    -2.746456
   76.087535,    88.809028,     4.356125,    -2.509653
   69.072784,     5.090093,     5.160980,     3.522208
   73.755402,    58.538461,    -1.818538,    -4.598278
   70.616050,    98.632524,    -3.233885,    -0.049130
   64.041660,    93.597663,     2.169407,     6.131607
   36.646096,    15.187399,    -0.520763,    -0.790529
   60.308235,    81.017745,    -3.477007,     4.140771
   44.330359,    70.050175,     4.882161,     2.867960
   99.794009,     3.479114,     0.000000,     0.000000
   99.049080,    91.757229,     0.000000,     0.000000
   73.189125,    70.503826,     0.991642,    -5.418171
   95.422147,    75.919022,    -2.914613,    -0.204945
   20.288763,    85.137062,     3.838959,    -4.118346
   67.570701,    16.612879,     0.439025,    10.185256
   73.451113,    50.582810,    -5.011392,    -3.087521
   86.665622,    64.182419,   -10.830705,     0.839738
   68.101426,    57.864428,     1.303678,     1.006718
   87.129839,    73.158888,     5.974395,    -4.488064
   42.115212,    65.491732,    -1.455249,     5.868110
    6.252692,    35.473251,    -6.134341,     0.633220
   40.297063,    75.075400,   -11.447015,    13.752440
   41.150026,    67.368613,     0.883942,    -0.888596
    4.157625,    13.910660,     7.337382,     0.849349
   36.725727,     3.784917,   -13.860747,    -1.939660
   62.668037,    85.093394,     0.884493,    -3.561023
   91.535482,    81.038619,    -1.948299,     6.682455
   10.620057,    23.301560,   -10.200280,     5.283304
   67.479775,    61.789866,    -1.147850,     6.967103
   72.570082,    55.180978,    -1.081541,    -0.326919
   35.934051,    58.422099,    -1.684299,     9.597248
   20.712237,    72.233355,     4.775695,     2.347848
    8.350969,    20.756474,    -3.475871,     7.801491
   16.797617,    11.369788,    -3.408451,    -0.055603
   54.552515,     2.511852,     6.766048,    -1.584475
   41.589006,    86.277027,     3.837191,    -7.969262
    2.170871,    63.933798,    -0.148953,    -4.145448
   84.830044,    80.846997,     0.524563,     1.570710
   25.663404,    10.818834,    -5.480912,   -12.968505
   81.883481,    44.767468,    -1.520946,    -4.448343
   78.692571,    15.048285,    -3.487446,    -0.574570
   19.013118,    36.826946,     2.489572,    -7.472582
   38.702304,    90.023580,     3.662192,    -7.712664
   63.833674,    93.034221,    -3.210957,    -1.656463
    3.385686,     6.845508,    -5.525824,    -5.720809
   27.882001,    94.563178,     2.731573,     7.861634
   43.581595,    92.817580,    -1.532484,     0.010292
   26.746993,    93.428116,    -6.687358,     8.899293
   11.081091,    63.088246,     1.845953,     3.961786
   20.742424,    10.177100,    -6.581055,    -7.536567
    9.779927,    11.891323,    -1.420898,     4.761410
    9.054087,    79.110556,    -9.260356,   -11.774074
   52.658334,    15.735467,    -2.303343,     0.543865
    9.282025,    46.170674,     4.696658,     0.273541
   32.393248,    61.434308,    -4.878077,     6.472274
   22.109479,    15.375893,    -6.804177,     7.245836
   84.749207,    59.466919,    -7.743665,     5.228419
   75.440366,    73.608070,    -1.410604,     5.998612
    6.115279,    73.324907,     2.158014,    -1.974738
    3.043630,    58.941851,     4.287188,     1.997570
    9.154778,    23.281696,    10.543780,     5.022810
   82.215216,    53.957798,     0.562842,     2.299699
   75.077246,    79.857092,     1.925601,     7.627953
   55.350161,     5.884593,    -8.844761,    -3.016994
   58.114140,    40.670983,    -9.191022,    -3.973677
    8.909986,     7.318601,    -1.838947,    -4.390527
   86.013925,    67.343555,     3.288054,     7.778512
   87.695796,    80.005669,     4.558371,     2.467949
   58.054264,    14.968566,    -4.147297,    -1.122436
   65.041299,    18.304245,     1.567783,     5.460400
   49.111931,    94.235080,     0.810660,     1.792920
   76.486993,    94.238458,    10.650616,     3.175870
   57.611747,    11.728694,    -4.073762,     4.822577
   46.135833,     5.061438,    -4.275603,     5.041035
   32.276669,    10.685941,     2.846021,    -4.705583
   41.655275,    45.242570,    -0.010776,    -6.793622
   50.311029,    73.308853,     0.797264,    -3.152520
   51.962722,     4.805808,     6.151270,    11.589900
   78.778033,    85.324441,    -0.146186,     1.598735
   73.642089,    38.861342,     2.450008,    -6.608143
   17.741169,    56.091959,    -7.983188,    -8.203888
   89.186601,    13.181687,    -1.973370,    -3.014523
   56.642617,     5.965860,     3.738325,     5.734815
   47.809404,     7.664962,    -2.528625,     5.020134
   91.911070,    73.629309,     1.656407,     3.821437
   78.180376,    63.751925,    10.436519,     0.454404
    8.886368,    93.282668,    -1.362813,    -0.597839
   87.012044,    82.848668,     2.905806,     4.010744
   73.923249,    58.655985,     0.234185,     2.936903
   26.670559,     6.710051,     5.792518,     9.838603
   71.716502,    72.736815,     2.868457,     4.543016
   61.262163,    54.418325,    -1.634485,    -3.412099
   96.789788,    98.778218,     0.000000,     0.000000
   89.891715,    53.642481,    -2.025928,     2.189031
   71.713298,    20.407232,     7.471994,    -0.180792
   89.305766,    25.723904,    -1.939758,     0.499709
   31.380672,    96.326458,     3.238389,     2.425307
   93.490787,    67.074451,    -0.838353,    -3.769506
   47.114436,    34.114281,     3.032233,    -1.209804
   52.356520,    60.352291,     2.159079,    -1.828333
   23.556685,    76.068259,     1.827470,     1.853662
   45.034854,    13.164126,     0.899218,     0.195747
   12.526997,    43.069667,    -0.071394,     0.635559
   10.750303,    21.387558,    -3.760547,     3.170393
   88.001544,    70.615545,    -1.805927,     1.779158
   30.843052,    90.336241,     3.694430,     8.399407
   76.518867,    80.871633,     2.111629,     2.145364
   14.261542,    26.452124,   -10.325732,    -9.709207
   21.976839,    12.887628,    -4.240423,     6.589773
   10.227678,     3.493301,   -10.831752,     0.940494
   52.721805,    51.253973,     4.027486,     4.201294
   97.518065,    71.001788,     1.105937,     2.024599
   54.152515,    15.688323,    -4.803453,     2.950739
    7.964425,    13.395303,    -5.081788,    -3.802593
   78.867323,    77.568661,    -1.741298,     5.137435
   93.808500,    67.559818,     9.098911,    -1.607079
   67.114858,    80.064361,    -6.234030,     3.167516
   86.321373,    96.205590,     7.367948,    -1.732553
   63.186087,    76.083098,    -6.019983,     2.680809
   90.961486,    87.825812,     4.292492,    -0.025643
   68.771147,    11.110777,    -7.152663,     7.436308
    5.839797,    29.538466,     7.077688,   -12.701902
   87.294432,    69.072463,    -2.431096,    -0.205316
   63.577320,     8.381804,     2.909205,    -9.662123
    8.310284,    19.030459,     3.076486,    -6.138727
   32.246826,    44.417101,     4.603027,     5.909565
    3.474387,    21.855738,     1.644850,    -2.515646
   33.337592,    51.515266,     1.533366,     3.062261
   12.999365,    24.211811,    -2.356509,    -2.164861
   76.246903,    54.300949,    -3.290979,     0.216254
   51.190456,    81.466000,     2.614098,   -11.463187
   59.773832,    74.123629,    -8.892389,     5.140541
   25.276323,     8.699910,    -0.374753,    -5.842939
   21.540207,     6.398961,    -4.566621,   -12.947379
   51.064532,    23.430388,     5.896340,    -0.766934
    6.780436,    79.613810,    -9.640728,     8.889969
   70.581416,    92.102995,     1.710344,     1.015865
   23.661082,    29.870509,    -2.720784,     2.951872
    3.965119,    51.842112,     1.808423,     5.422093
    4.686191,    48.500642,    -4.131136,    -0.966824
   15.990263,    60.135343,    -2.162769,     2.617490
   65.697824,     4.129495,    -4.708254,    -6.740235
   42.473221,    75.004009,     6.252069,     5.203987
   90.210706,    86.675488,    -0.306725,     0.937144
   33.870083,    30.993317,    -0.519899,     1.383573
   34.885518,    89.454733,     1.904757,    -2.474119
   93.353189,    62.524023,     0.817185,     0.549865
   13.894689,     5.724793,     4.013045,     2.263307
